stored inputs: MapWM r2 T=1024 acc [0.8491, 0.9976, 0.9167, 0.9172, 0.9475, 0.9069, 0.7733, 0.842] (mean 0.8938); r4mi [1.0, 1.0, 1.0, 1.0, 1.0, 0.994, 1.0, 0.987]

(1) Fisher power (two-sided .05, PoPE > MapWM) for SOLVED
   n   p_WM  q=0.25  q=0.38  q=0.50  q=0.62  q=0.75  q=1.00
   8  0.000  0.027   0.137   0.363   0.651   0.886   1.000
   8  0.050  0.019   0.102   0.283   0.542   0.797   1.000
   8  0.125  0.011   0.062   0.189   0.397   0.649   0.989
   8  0.250  0.004   0.025   0.087   0.211   0.405   0.886
  12  0.000  0.158   0.490   0.806   0.961   0.997   1.000
  12  0.050  0.090   0.309   0.588   0.824   0.957   1.000
  12  0.125  0.037   0.151   0.359   0.625   0.857   1.000
  12  0.250  0.008   0.042   0.143   0.339   0.608   0.997
  16  0.000  0.370   0.777   0.962   0.997   1.000   1.000
  16  0.050  0.193   0.503   0.777   0.935   0.991   1.000
  16  0.125  0.068   0.234   0.493   0.765   0.942   1.000
  16  0.250  0.009   0.053   0.184   0.437   0.737   1.000
   min solved count that fires vs 0/n: n=8: 5/8, n=12: 5/12, n=16: 5/16

(2)/(3) accuracy firing (perm p < .05 AND d >= 0.02) and joint RESCUE (Fisher AND accuracy), MapWM r2 rate 0 (its seeds resampled from RANK_MI), 1000 simulations per cell
   n    q   P(acc fires)  P(Fisher fires)  P(both)
   8  0.25   0.095         0.022           0.006
   8  0.50   0.339         0.374           0.218
   8  0.75   0.643         0.879           0.606
   8  1.00   0.997         1.000           0.997
  12  0.25   0.161         0.156           0.059
  12  0.50   0.444         0.794           0.405
  12  0.75   0.822         0.998           0.822
  12  1.00   1.000         1.000           1.000
  16  0.25   0.184         0.384           0.124
  16  0.50   0.568         0.960           0.561
  16  0.75   0.907         1.000           0.907
  16  1.00   1.000         1.000           1.000
