1 0.000000 0.543559
51 -0.000251 0.545359
101 0.003706 0.569440
151 0.010174 0.636167
201 0.020106 0.716259
251 0.031345 0.785151
301 0.037853 0.815021
351 0.042505 0.831584
401 0.045388 0.839838
451 0.048109 0.846193
501 0.049911 0.849008
551 0.050661 0.850509
601 0.051481 0.853038
651 0.052318 0.854284
701 0.053382 0.856268
751 0.054671 0.858538
801 0.056158 0.861053
851 0.057719 0.864078
901 0.059340 0.868250
951 0.060623 0.868947
1001 0.061741 0.868845
1051 0.062904 0.871674
1101 0.063407 0.867357
1151 0.064177 0.869381
1201 0.061129 0.837185
1251 0.048363 0.611548
1301 0.046476 0.575137
1351 0.044741 0.561936
1401 0.043267 0.547944
1451 0.042274 0.554608
1501 0.040716 0.553325
1551 0.039722 0.555704
1601 0.038530 0.560611
1651 0.037020 0.556951
1701 0.035651 0.561211
1751 0.034576 0.561071
1801 0.033471 0.555979
1851 0.033301 0.566611
1901 0.032778 0.567742
1951 0.032290 0.558493
2001 0.033608 0.566104
2051 0.034216 0.568164
2101 0.034290 0.572538
2151 0.038103 0.579343
2201 0.039361 0.578155
2251 0.044306 0.596849
2301 0.044336 0.590013
2351 0.047188 0.598487
2401 0.045523 0.592579
2451 0.045564 0.597876
2501 0.043849 0.589013
2551 0.042863 0.588547
2601 0.040570 0.583056
2651 0.040029 0.585383
2701 0.039053 0.578758
2751 0.038983 0.577667
2801 0.037610 0.575846
2851 0.037727 0.575679
2901 0.047276 0.591577
2951 0.047899 0.586364
3001 0.047830 0.582650
3051 0.049695 0.584167
3101 0.049139 0.587151
3151 0.048832 0.581965
3201 0.049465 0.579574
3251 0.049780 0.580386
3301 0.048553 0.573354
3351 0.049376 0.570652
3401 0.050947 0.574094
3451 0.051211 0.574316
3501 0.050618 0.570486
3551 0.050533 0.578370
3601 0.050886 0.580529
3651 0.051031 0.582656
3701 0.048850 0.576530
3751 0.048079 0.585271
3801 0.046935 0.577288
3851 0.047311 0.584336
3901 0.046733 0.582392
3951 0.045649 0.583413
4001 0.048671 0.582470
4051 0.049954 0.584154
4101 0.048540 0.565974
4151 0.049454 0.546095
4201 0.051017 0.540796
4251 0.052599 0.536826
4301 0.052085 0.534321
4351 0.053790 0.529028
4401 0.052525 0.517158
4451 0.056172 0.516937
4501 0.055399 0.508049
4551 0.054643 0.493423
4601 0.055917 0.487108
4651 0.058430 0.488505
4701 0.056274 0.485730
4751 0.056518 0.469819
4801 0.055967 0.465949
4851 0.054771 0.461699
4901 0.053377 0.460662
4951 0.050518 0.456130
5001 0.048785 0.450378
5051 0.047412 0.450920
5101 0.047552 0.450487
5151 0.046064 0.453338
5201 0.047138 0.449627
5251 0.046308 0.447824
5301 0.046482 0.445569
5351 0.044511 0.444008
5401 0.044046 0.443281
5451 0.045389 0.447783
5501 0.045616 0.447256
5551 0.046159 0.442177
5601 0.044084 0.441001
5651 0.044525 0.441865
5701 0.046892 0.444180
5751 0.044388 0.438344
5801 0.045303 0.442763
5851 0.044864 0.441508
5901 0.043406 0.441674
5951 0.045461 0.436730
6001 0.043664 0.435524
6051 0.044884 0.438683
6101 0.048207 0.440231
6151 0.046130 0.438614
6201 0.045140 0.429535
6251 0.044927 0.434597
6301 0.041952 0.431695
6351 0.043696 0.432364
6401 0.046271 0.438619
6451 0.044778 0.431955
6501 0.043360 0.428386
6551 0.042555 0.435799
6601 0.044729 0.437483
6651 0.042621 0.431562
6701 0.043934 0.433126
6751 0.046089 0.430893
6801 0.043061 0.430464
6851 0.046677 0.432277
6901 0.046655 0.429906
6951 0.045494 0.431039
7001 0.041779 0.428436
7051 0.044504 0.436061
7101 0.043208 0.424568
7151 0.043462 0.427194
7201 0.040140 0.422276
7251 0.039478 0.424085
7301 0.039004 0.425717
7351 0.037708 0.425704
7401 0.032903 0.434594
7451 0.043738 0.452276
7501 0.053493 0.445851
7551 0.040941 0.426535
7601 0.049238 0.440572
7651 0.033497 0.420421
7701 0.039413 0.422105
7751 0.035210 0.422153
7801 0.032887 0.419267
7851 0.048415 0.433534
7901 0.041138 0.425622
7951 0.040307 0.418309
8001 0.028476 0.407220
8051 0.025804 0.403981
8101 0.023240 0.402588
8151 0.020766 0.394834
8201 0.023498 0.393032
8251 0.019179 0.384837
8301 0.006798 0.369521
8351 0.015538 0.360866
8401 0.014530 0.355731
8451 0.002211 0.341355
8501 0.000009 0.332564
8551 -0.003735 0.339719
8601 -0.006676 0.335304
8651 -0.005551 0.327082
8701 0.001010 0.321458
8751 0.005465 0.314946
8801 -0.009020 0.305516
8851 -0.003652 0.293680
8901 0.000788 0.272737
8951 0.005398 0.271534
9001 -0.000472 0.267589
9051 0.002546 0.261972
9101 0.005519 0.266781
9151 0.005887 0.259507
9201 0.003324 0.251086
9251 0.007565 0.246283
9301 0.003803 0.245296
9351 0.002736 0.239732
9401 0.005001 0.239182
9451 0.000991 0.235868
9501 0.001851 0.229573
9551 0.003632 0.231180
9601 0.000974 0.229008
9651 0.007952 0.235187
9701 0.004777 0.228963
9751 0.002148 0.226713
9801 0.004554 0.219540
9851 0.007857 0.216890
9901 0.004759 0.210860
9951 0.001326 0.206031
10001 0.002882 0.208464
10051 0.001874 0.205988
10101 -0.000561 0.199040
10151 0.010068 0.209924
10201 0.005001 0.193948
10251 0.003535 0.189229
10301 -0.000141 0.184228
10351 0.004475 0.189594
10401 0.001571 0.188992
10451 0.001777 0.186602
10501 0.003298 0.189175
10551 0.004984 0.188211
10601 0.005599 0.188881
10651 0.003607 0.183390
10701 0.003005 0.179126
10751 0.002296 0.181949
10801 0.004455 0.180549
10851 0.002974 0.177888
10901 0.003613 0.173425
10951 0.003189 0.173944
11001 -0.001977 0.167519
11051 -0.000993 0.169986
11101 0.000944 0.164966
11151 0.002155 0.166640
11201 -0.000275 0.164100
11251 0.000910 0.162148
11301 -0.000501 0.161932
11351 0.001229 0.159199
11401 -0.001683 0.157912
11451 0.000267 0.159382
11501 0.001006 0.155853
11551 -0.002684 0.154810
11601 0.003195 0.151846
11651 -0.002145 0.144857
11701 -0.001573 0.146019
11751 -0.002044 0.146905
11801 0.000362 0.143203
11851 0.000353 0.139650
11901 0.000682 0.139526
11951 0.002668 0.140121
12001 0.001199 0.136797
12051 -0.000331 0.136397
12101 -0.001587 0.137946
12151 -0.002696 0.136367
12201 0.001722 0.134768
12251 0.001004 0.132900
12301 0.002041 0.130717
12351 0.001134 0.130348
12401 -0.002981 0.130104
12451 0.002001 0.125831
12501 0.002623 0.124420
12551 -0.002111 0.118753
12601 -0.001385 0.117423
12651 -0.002479 0.118688
12701 -0.009163 0.126123
12751 -0.003989 0.111948
12801 0.000939 0.107508
12851 -0.001206 0.111402
12901 -0.001139 0.109898
12951 -0.002745 0.111523
13001 -0.004396 0.110869
13051 -0.004992 0.111623
13101 -0.003734 0.112832
13151 -0.001809 0.111555
13201 -0.002875 0.109690
13251 -0.006910 0.112424
13301 -0.003524 0.110598
13351 -0.001577 0.108873
13401 -0.001390 0.110515
13451 -0.006008 0.112732
13501 -0.008880 0.113240
13551 -0.000586 0.106894
13601 -0.002691 0.106914
13651 -0.004463 0.109426
13701 -0.004793 0.109410
13751 -0.005980 0.110919
13801 -0.005539 0.111520
13851 -0.004819 0.111992
13901 -0.006764 0.112794
13951 -0.005162 0.110061
14001 -0.003020 0.109876
14051 -0.006103 0.110819
14101 -0.008935 0.113184
14151 -0.009082 0.113055
14201 -0.009675 0.114237
14251 -0.011268 0.118852
14301 -0.008730 0.113404
14351 -0.011099 0.118509
14401 -0.012982 0.117227
14451 -0.015453 0.119744
14501 -0.013111 0.117150
14551 -0.011086 0.114610
14601 -0.012049 0.115441
14651 -0.009702 0.114525
14701 -0.009220 0.114272
14751 -0.011401 0.117511
14801 -0.006529 0.114012
14851 -0.012026 0.115863
14901 -0.007655 0.114394
14951 -0.005177 0.113132
15001 -0.008943 0.116664
15051 -0.011660 0.118354
15101 -0.011539 0.116162
15151 -0.011763 0.116903
15201 -0.003099 0.111278
15251 -0.006820 0.111245
15301 -0.007961 0.113403
15351 -0.005672 0.111162
15401 -0.005193 0.111970
15451 -0.009992 0.114519
15501 -0.011032 0.117583
15551 -0.008506 0.112361
15601 -0.000077 0.109966
15651 0.002100 0.110920
15701 -0.008199 0.110150
15751 -0.009101 0.109243
15801 -0.004513 0.108831
15851 -0.001351 0.107122
15901 0.000273 0.106459
15951 -0.004697 0.108255
16001 -0.003321 0.108241
16051 -0.008482 0.109867
16101 -0.005812 0.109058
16151 -0.003736 0.108814
16201 -0.002251 0.108956
16251 -0.002499 0.108338
16301 -0.001925 0.109301
16351 -0.004416 0.108756
16401 -0.011914 0.114560
16451 -0.010207 0.113875
16501 -0.004518 0.109826
16551 -0.006935 0.111760
16601 -0.000918 0.107742
16651 -0.003772 0.107156
16701 -0.002904 0.107562
16751 -0.003017 0.109288
16801 -0.005960 0.110721
16851 -0.002456 0.109508
16901 0.000763 0.109439
16951 -0.002675 0.110175
17001 -0.003525 0.110647
17051 -0.003855 0.109709
17101 -0.003734 0.109569
17151 -0.005774 0.110560
17201 -0.010392 0.113030
17251 -0.008995 0.112767
17301 -0.010287 0.115504
17351 -0.013729 0.118073
17401 -0.016572 0.120033
17451 -0.015093 0.117994
17501 -0.017150 0.120747
17551 -0.015454 0.117869
17601 -0.013870 0.116576
17651 -0.015510 0.119529
17701 -0.006574 0.112560
17751 -0.009350 0.113196
17801 -0.011254 0.114585
17851 -0.019040 0.120491
17901 -0.018164 0.120602
17951 -0.016550 0.118687
18001 -0.013840 0.118497
18051 -0.012972 0.116926
18101 -0.014832 0.118171
18151 -0.015559 0.118405
18201 -0.013435 0.117919
18251 -0.011370 0.115897
18301 -0.010670 0.116600
18351 -0.012713 0.115614
18401 -0.012780 0.116317
18451 -0.013654 0.117903
18501 -0.012617 0.117349
18551 -0.013901 0.119403
18601 -0.011079 0.117902
18651 -0.008506 0.115814
18701 -0.007037 0.117162
18751 -0.010733 0.118000
18801 -0.007602 0.117743
18851 -0.009699 0.117960
18901 -0.008745 0.118417
18951 -0.007839 0.116580
19001 -0.011300 0.118589
19051 -0.013594 0.122256
19101 -0.013700 0.120265
19151 -0.014877 0.120915
19201 -0.012201 0.119332
19251 -0.013503 0.121553
19301 -0.013779 0.119525
19351 -0.014283 0.121563
19401 -0.013141 0.119825
19451 -0.013047 0.120479
19501 -0.011963 0.118928
19551 -0.011766 0.121660
19601 -0.014418 0.123643
19651 -0.016206 0.121799
19701 -0.015174 0.124773
19751 -0.015264 0.125545
19801 -0.013768 0.123417
19851 -0.017497 0.124247
19901 -0.020542 0.125737
19951 -0.015430 0.124389
20001 -0.017210 0.126428
20051 -0.015266 0.124589
20101 -0.009973 0.121528
20151 -0.007270 0.119651
20201 -0.006395 0.121181
20251 -0.006614 0.121575
20301 -0.007743 0.120975
20351 -0.008052 0.121306
20401 -0.006111 0.119217
20451 -0.007121 0.121143
20501 -0.005232 0.121641
20551 -0.008564 0.121585
20601 -0.009586 0.122181
20651 -0.012358 0.125272
20701 -0.012058 0.124991
20751 -0.011517 0.124650
20801 -0.010932 0.122967
20851 -0.010709 0.124927
20901 -0.009353 0.124607
20951 -0.010190 0.123013
21001 -0.010974 0.124086
21051 -0.012180 0.125788
21101 -0.011906 0.127240
21151 -0.014143 0.128050
21201 -0.014023 0.126880
21251 -0.011761 0.125020
21301 -0.009848 0.125535
21351 -0.009050 0.125766
21401 -0.011984 0.127101
21451 -0.011703 0.127204
21501 -0.010588 0.125620
21551 -0.009158 0.125299
21601 -0.010667 0.127628
21651 -0.011619 0.127201
21701 -0.013255 0.128629
21751 -0.013963 0.129874
21801 -0.013455 0.127698
21851 -0.012632 0.128261
21901 -0.011733 0.127787
21951 -0.011227 0.127545
22001 -0.010129 0.127327
22051 -0.007872 0.127386
22101 -0.009883 0.127238
22151 -0.010432 0.128012
22201 -0.010009 0.127062
22251 -0.010656 0.127890
22301 -0.008890 0.128456
22351 -0.007338 0.128586
22401 -0.005099 0.127667
22451 -0.004228 0.126373
22501 -0.004063 0.127403
22551 -0.008732 0.128636
22601 -0.010024 0.130639
22651 -0.008602 0.129436
22701 -0.010166 0.128131
22751 -0.009129 0.129369
22801 -0.011144 0.131678
22851 -0.011098 0.133146
22901 -0.010956 0.131152
22951 -0.010772 0.130835
23001 -0.010976 0.132283
23051 -0.008874 0.130434
23101 -0.009372 0.130898
23151 -0.009574 0.129793
23201 -0.009374 0.129306
23251 -0.009820 0.131291
23301 -0.009165 0.130873
23351 -0.009385 0.129412
23401 -0.012548 0.135563
23451 -0.010942 0.131803
23501 -0.009789 0.131041
23551 -0.009616 0.131438
23601 -0.010735 0.133190
23651 -0.010077 0.132123
23701 -0.009592 0.132201
23751 -0.010280 0.133051
23801 -0.009523 0.130325
23851 -0.008804 0.132093
23901 -0.008954 0.132253
23951 -0.009874 0.134001
24001 -0.009736 0.134040
24051 -0.010428 0.132293
24101 -0.009106 0.133554
24151 -0.012002 0.135177
24201 -0.012896 0.135594
24251 -0.012640 0.135165
24301 -0.012789 0.137908
24351 -0.012834 0.136303
24401 -0.011565 0.136367
24451 -0.009759 0.134168
24501 -0.010040 0.135459
24551 -0.010545 0.136191
24601 -0.010348 0.135460
24651 -0.012376 0.136916
24701 -0.013041 0.138226
24751 -0.012792 0.139425
24801 -0.013047 0.138528
24851 -0.015755 0.140219
24901 -0.015088 0.139045
24951 -0.012780 0.138442
25001 -0.012304 0.137530
25051 -0.011163 0.136651
25101 -0.010904 0.136869
25151 -0.010426 0.135917
25201 -0.008943 0.136198
25251 -0.009222 0.135259
25301 -0.009564 0.136500
25351 -0.009662 0.136697
25401 -0.009454 0.135905
25451 -0.009287 0.136344
25501 -0.010201 0.136577
25551 -0.010340 0.137306
25601 -0.010802 0.137778
25651 -0.010540 0.137035
25701 -0.012272 0.138002
25751 -0.013621 0.139551
25801 -0.013803 0.140779
25851 -0.013656 0.139875
25901 -0.013192 0.139520
25951 -0.012543 0.138198
26001 -0.011138 0.138184
26051 -0.011073 0.138929
26101 -0.011723 0.138379
26151 -0.011286 0.140023
26201 -0.010805 0.138906
26251 -0.011682 0.139409
26301 -0.011266 0.138144
26351 -0.011321 0.139461
26401 -0.011524 0.139168
26451 -0.011105 0.139021
26501 -0.010442 0.138256
26551 -0.011309 0.140592
26601 -0.010648 0.141195
26651 -0.010304 0.139856
26701 -0.010563 0.140418
26751 -0.009969 0.138779
26801 -0.009238 0.138896
26851 -0.009291 0.137660
26901 -0.009446 0.138013
26951 -0.010152 0.140010
27001 -0.010176 0.139694
27051 -0.009182 0.141074
27101 -0.009625 0.138846
27151 -0.009401 0.140398
27201 -0.008856 0.139047
27251 -0.008972 0.139014
27301 -0.008677 0.138735
27351 -0.008655 0.139662
27401 -0.008429 0.139723
27451 -0.007916 0.139141
27501 -0.007237 0.139205
27551 -0.007421 0.139693
27601 -0.007920 0.138366
27651 -0.009460 0.139927
27701 -0.009234 0.140866
27751 -0.009848 0.141111
27801 -0.010151 0.140363
27851 -0.010220 0.142336
27901 -0.009447 0.139338
27951 -0.008941 0.139750
28001 -0.008890 0.141213
28051 -0.008146 0.140495
28101 -0.008498 0.140061
28151 -0.008830 0.139695
28201 -0.009935 0.141782
28251 -0.009658 0.140481
28301 -0.009197 0.140574
28351 -0.009254 0.141430
28401 -0.009810 0.141739
28451 -0.008960 0.140208
28501 -0.008839 0.142585
28551 -0.009061 0.140633
28601 -0.008867 0.140255
28651 -0.009541 0.141981
28701 -0.009372 0.141289
28751 -0.009444 0.140905
28801 -0.009127 0.140593
28851 -0.009832 0.141701
28901 -0.010089 0.142724
28951 -0.009751 0.144660
29001 -0.009771 0.142298
29051 -0.009828 0.142711
29101 -0.009894 0.142107
29151 -0.010183 0.142056
29201 -0.010393 0.142825
29251 -0.010001 0.145531
29301 -0.009979 0.142105
29351 -0.010637 0.142845
