1 0.000000 0.518636
51 0.000897 0.527686
101 0.005019 0.569572
151 0.010881 0.627708
201 0.019311 0.704920
251 0.032873 0.793364
301 0.042169 0.830829
351 0.047977 0.842898
401 0.046197 0.820468
451 0.042062 0.775998
501 0.039804 0.747226
551 0.037891 0.716955
601 0.035883 0.682251
651 0.033807 0.657693
701 0.031673 0.632172
751 0.029197 0.614719
801 0.026520 0.599172
851 0.023779 0.584476
901 0.020959 0.572905
951 0.017026 0.557008
1001 0.013938 0.539474
1051 0.010680 0.531834
1101 0.009394 0.525990
1151 0.007773 0.529449
1201 0.005597 0.521699
1251 0.004935 0.516366
1301 0.003236 0.519308
1351 0.002702 0.512789
1401 -0.000756 0.516957
1451 -0.002593 0.519720
1501 -0.002388 0.509757
1551 -0.001203 0.511724
1601 -0.002020 0.508510
1651 -0.000624 0.505607
1701 -0.001878 0.518776
1751 -0.003110 0.515883
1801 0.003673 0.505527
1851 0.002039 0.505079
1901 -0.002036 0.498608
1951 0.003484 0.492057
2001 0.000499 0.494258
2051 0.000350 0.483497
2101 -0.001354 0.482429
2151 -0.001284 0.482875
2201 0.002643 0.487523
2251 0.001475 0.484867
2301 0.000206 0.487131
2351 0.000690 0.481818
2401 0.000191 0.475865
2451 0.003882 0.476743
2501 0.004606 0.450554
2551 0.000613 0.441893
2601 0.000004 0.430139
2651 0.002324 0.433200
2701 -0.001352 0.427994
2751 0.005206 0.415083
2801 -0.002589 0.402300
2851 -0.000613 0.389778
2901 -0.001718 0.390845
2951 0.000936 0.388643
3001 0.012351 0.396523
3051 0.003472 0.364704
3101 0.004151 0.365692
3151 -0.000297 0.342947
3201 -0.002471 0.355396
3251 -0.002647 0.346433
3301 -0.004756 0.347895
3351 -0.001544 0.344409
3401 -0.000418 0.336063
3451 -0.000587 0.341927
3501 0.000778 0.333234
3551 0.001225 0.333887
3601 -0.000310 0.335197
3651 0.001869 0.325383
3701 0.000482 0.333814
3751 -0.001865 0.328635
3801 -0.001250 0.318897
3851 0.004600 0.313279
3901 0.004345 0.299313
3951 0.001934 0.304803
4001 -0.002198 0.294828
4051 0.000971 0.280055
4101 0.005498 0.266541
4151 -0.000130 0.246668
4201 -0.004586 0.248247
4251 -0.000509 0.238919
4301 -0.001202 0.240445
4351 -0.001406 0.240534
4401 0.000567 0.235920
4451 -0.002148 0.231350
4501 -0.003215 0.228535
4551 -0.001572 0.224319
4601 -0.000923 0.230688
4651 -0.000076 0.224142
4701 -0.000464 0.220886
4751 0.001020 0.225959
4801 -0.002128 0.216370
4851 0.001018 0.209844
4901 0.001870 0.207321
4951 0.000338 0.204995
5001 -0.001353 0.204561
5051 -0.005116 0.206265
5101 -0.005804 0.206455
5151 -0.002527 0.207167
5201 -0.003425 0.203415
5251 0.000291 0.193223
5301 -0.002086 0.189907
5351 0.001403 0.182523
5401 -0.002905 0.191309
5451 -0.001121 0.182804
5501 -0.006544 0.185324
5551 0.004119 0.166568
5601 0.000184 0.159429
5651 0.000863 0.155107
5701 -0.001741 0.154151
5751 -0.003138 0.153467
5801 0.000221 0.151723
5851 -0.002949 0.151716
5901 -0.002773 0.147410
5951 -0.003571 0.152389
6001 -0.007528 0.155286
6051 -0.006839 0.152481
6101 -0.004973 0.146405
6151 -0.002685 0.144414
6201 -0.005640 0.149164
6251 -0.000135 0.146644
6301 0.001553 0.140554
6351 -0.004390 0.143509
6401 -0.002271 0.143083
6451 0.006225 0.140071
6501 0.003223 0.135490
6551 -0.003679 0.131637
6601 0.001333 0.121637
6651 0.001242 0.116571
6701 0.000733 0.112901
6751 0.000857 0.115121
6801 0.005412 0.120487
6851 0.005052 0.118018
6901 0.005427 0.118888
6951 -0.002734 0.097520
7001 0.000667 0.084012
7051 0.000472 0.083712
7101 0.001255 0.083098
7151 0.002737 0.084328
7201 0.001759 0.082523
7251 0.001388 0.079346
7301 -0.001015 0.078915
7351 -0.000056 0.079611
7401 -0.000404 0.078599
7451 -0.003156 0.078962
7501 -0.003114 0.078334
7551 0.000939 0.076113
7601 0.003053 0.077968
7651 0.000294 0.075444
7701 0.001884 0.074431
7751 0.003020 0.071187
7801 0.001636 0.071509
7851 0.001732 0.070821
7901 0.001016 0.071467
7951 0.001182 0.069542
8001 0.003670 0.071354
8051 0.001027 0.070921
8101 -0.000658 0.070234
8151 0.001232 0.069181
8201 -0.000475 0.068980
8251 -0.000559 0.068028
8301 -0.001127 0.067989
8351 -0.000195 0.067906
8401 -0.004848 0.069530
8451 -0.006191 0.070031
8501 -0.005916 0.069531
8551 -0.002255 0.066454
8601 -0.004191 0.065755
8651 -0.004964 0.066062
8701 -0.002967 0.065386
8751 -0.004023 0.064766
8801 -0.006177 0.067152
8851 -0.007065 0.067733
8901 -0.005584 0.065965
8951 -0.003599 0.065821
9001 -0.004113 0.064194
9051 -0.003801 0.062992
9101 -0.004490 0.063991
9151 -0.007472 0.067747
9201 -0.010039 0.071410
9251 -0.007622 0.067397
9301 -0.004418 0.063950
9351 -0.001767 0.062191
9401 -0.008475 0.066393
9451 -0.009346 0.066067
9501 -0.010907 0.066757
9551 -0.008582 0.062658
9601 -0.009792 0.063138
9651 -0.005933 0.058990
9701 -0.005718 0.059562
9751 -0.007226 0.059985
9801 -0.007702 0.061215
9851 -0.008112 0.061284
9901 -0.004780 0.059508
9951 -0.003855 0.060248
10001 -0.004426 0.060056
10051 -0.005023 0.059521
10101 -0.004940 0.059359
10151 -0.004556 0.059962
10201 -0.006958 0.062152
10251 -0.005484 0.061828
10301 -0.007743 0.063000
10351 -0.005287 0.060239
10401 -0.005614 0.058773
10451 -0.002025 0.056640
10501 -0.004658 0.056024
10551 -0.004943 0.057067
10601 -0.005085 0.057321
10651 -0.003700 0.056874
10701 0.001043 0.055922
10751 0.000416 0.055323
10801 0.001005 0.055022
10851 -0.001219 0.053930
10901 -0.001847 0.055039
10951 -0.005243 0.056168
11001 -0.005953 0.055979
11051 -0.006124 0.055974
11101 -0.004767 0.055014
11151 -0.007489 0.056384
11201 -0.013387 0.062089
11251 -0.014336 0.061207
11301 -0.014330 0.062270
11351 -0.010013 0.057624
11401 -0.012797 0.059984
11451 -0.015390 0.063721
11501 -0.008520 0.057855
11551 -0.008912 0.057416
11601 -0.007907 0.057179
11651 -0.011082 0.057823
11701 -0.010990 0.058447
11751 -0.014051 0.061362
11801 -0.012256 0.059896
11851 -0.009502 0.058426
11901 -0.011978 0.059011
11951 -0.008838 0.057682
12001 -0.009144 0.058223
12051 -0.014471 0.060619
12101 -0.012761 0.059089
12151 -0.010406 0.057841
12201 -0.011631 0.059093
12251 -0.011960 0.059869
12301 -0.008619 0.057737
12351 -0.009253 0.058479
12401 -0.010477 0.059325
12451 -0.012520 0.060809
12501 -0.016709 0.063509
12551 -0.019250 0.065987
12601 -0.021143 0.068691
12651 -0.012243 0.060908
12701 -0.011092 0.059992
12751 -0.009727 0.059267
12801 -0.007885 0.057708
12851 -0.010109 0.058795
12901 -0.009419 0.058854
12951 -0.012264 0.061017
13001 -0.007328 0.058476
13051 -0.009344 0.059511
13101 -0.008816 0.060487
13151 -0.008919 0.059742
13201 -0.007651 0.060076
13251 -0.004568 0.059733
13301 -0.006304 0.060011
13351 -0.009747 0.060413
13401 -0.008891 0.060674
13451 -0.007236 0.059676
13501 -0.008221 0.060568
13551 -0.006911 0.060688
13601 -0.006564 0.059710
13651 -0.007737 0.060583
13701 -0.008136 0.061084
13751 -0.006843 0.061221
13801 -0.007781 0.060925
13851 -0.005987 0.059764
13901 -0.003745 0.059351
13951 -0.008479 0.060787
14001 -0.008116 0.061020
14051 -0.008017 0.060750
14101 -0.011457 0.062528
14151 -0.006238 0.061791
14201 -0.005865 0.060319
14251 -0.002987 0.059935
14301 -0.004565 0.060781
14351 -0.008595 0.062444
14401 -0.011929 0.064497
14451 -0.001021 0.060348
14501 -0.005774 0.060761
14551 -0.006061 0.062233
14601 -0.009604 0.062602
14651 -0.009823 0.062956
14701 -0.011021 0.062672
14751 -0.009823 0.063732
14801 -0.009395 0.063829
14851 -0.008919 0.065181
14901 -0.009487 0.064864
14951 -0.012162 0.066676
15001 -0.010379 0.066070
15051 -0.010380 0.066973
15101 -0.010436 0.067561
15151 -0.015126 0.070676
15201 -0.017374 0.076191
15251 -0.017052 0.076782
15301 -0.015566 0.076264
15351 -0.013842 0.073969
15401 -0.011811 0.073487
15451 -0.015326 0.072840
15501 -0.014683 0.072435
15551 -0.015148 0.072829
15601 -0.018211 0.077707
15651 -0.014835 0.073778
15701 -0.010956 0.071866
15751 -0.014279 0.074840
15801 -0.011068 0.071779
15851 -0.010290 0.071805
15901 -0.012403 0.072832
15951 -0.012607 0.073783
16001 -0.013162 0.073412
16051 -0.012179 0.074048
16101 -0.010129 0.073750
16151 -0.012464 0.076252
16201 -0.013523 0.075715
16251 -0.013476 0.076073
16301 -0.016825 0.078222
16351 -0.019354 0.081540
16401 -0.018024 0.081084
16451 -0.017762 0.080057
16501 -0.010830 0.076715
16551 -0.010790 0.076911
16601 -0.012731 0.076458
16651 -0.014784 0.077470
16701 -0.012963 0.077512
16751 -0.011450 0.077190
16801 -0.009984 0.077101
16851 -0.009720 0.077248
16901 -0.011607 0.077710
16951 -0.009738 0.077666
17001 -0.008221 0.077123
17051 -0.008297 0.077385
17101 -0.008023 0.076920
17151 -0.003973 0.075538
17201 -0.004111 0.077119
17251 -0.002535 0.075962
17301 -0.002997 0.076496
17351 -0.005707 0.077676
17401 -0.005741 0.076795
17451 -0.007283 0.077910
17501 -0.009024 0.079241
17551 -0.008121 0.078290
17601 -0.009546 0.079580
17651 -0.008379 0.079282
17701 -0.004646 0.078041
17751 -0.007032 0.078698
17801 -0.005148 0.078226
17851 -0.005407 0.078701
17901 -0.006478 0.079428
17951 -0.008069 0.079974
18001 -0.010401 0.081208
18051 -0.011266 0.081966
18101 -0.009622 0.081284
18151 -0.012811 0.083265
18201 -0.009703 0.081679
18251 -0.011257 0.081979
18301 -0.014115 0.084527
18351 -0.015965 0.086569
18401 -0.011767 0.083072
18451 -0.008924 0.082235
18501 -0.005115 0.080313
18551 -0.004993 0.080955
18601 -0.004766 0.080600
18651 -0.003734 0.081021
18701 -0.004623 0.081455
18751 -0.003769 0.081158
18801 -0.005681 0.082273
18851 -0.009056 0.083670
18901 -0.011136 0.085212
18951 -0.010258 0.084744
19001 -0.009008 0.084549
19051 -0.009844 0.084486
19101 -0.008889 0.083995
19151 -0.009278 0.084652
19201 -0.007801 0.083279
19251 -0.008045 0.083633
19301 -0.004782 0.082904
19351 -0.003074 0.082643
19401 -0.004479 0.082981
19451 -0.003069 0.082893
19501 -0.004201 0.083541
19551 -0.004917 0.084006
19601 -0.005694 0.084168
19651 -0.005900 0.084571
19701 -0.008040 0.086124
19751 -0.009825 0.086608
19801 -0.008086 0.085178
19851 -0.007927 0.085500
19901 -0.007972 0.086067
19951 -0.008477 0.086082
20001 -0.006239 0.084158
20051 -0.007171 0.085579
20101 -0.009668 0.086392
20151 -0.008058 0.086212
20201 -0.007268 0.086163
20251 -0.006752 0.085789
20301 -0.007036 0.086056
20351 -0.005648 0.084833
20401 -0.005105 0.085371
20451 -0.004962 0.085274
20501 -0.004743 0.086098
20551 -0.005781 0.085819
20601 -0.004130 0.085733
20651 -0.005143 0.086307
20701 -0.004417 0.086235
20751 -0.002735 0.085560
20801 -0.001388 0.085333
20851 -0.001006 0.085708
20901 -0.001967 0.085450
20951 -0.002660 0.085363
21001 -0.003550 0.086200
21051 -0.005861 0.086332
21101 -0.003510 0.085238
21151 -0.003732 0.085462
21201 -0.004892 0.086470
21251 -0.004555 0.086671
21301 -0.005871 0.087399
21351 -0.006145 0.087213
21401 -0.006014 0.088006
21451 -0.005434 0.087735
21501 -0.007441 0.088525
21551 -0.006121 0.087787
21601 -0.005419 0.087903
21651 -0.003407 0.086824
21701 -0.003862 0.086733
21751 -0.004614 0.087053
21801 -0.005464 0.087324
21851 -0.006535 0.089250
21901 -0.006200 0.089014
21951 -0.006934 0.089955
22001 -0.005486 0.089253
22051 -0.003504 0.087957
22101 -0.004430 0.088934
22151 -0.004902 0.088933
22201 -0.005917 0.089539
22251 -0.006857 0.090184
22301 -0.005929 0.089381
22351 -0.004525 0.089016
22401 -0.003838 0.088198
22451 -0.003903 0.088407
22501 -0.005913 0.089894
22551 -0.004829 0.089040
22601 -0.005619 0.088988
22651 -0.005864 0.089229
22701 -0.004594 0.089169
22751 -0.004156 0.088950
22801 -0.005011 0.089644
22851 -0.003683 0.089144
22901 -0.002866 0.089652
22951 -0.003543 0.089261
23001 -0.002993 0.089045
23051 -0.002141 0.089439
23101 -0.002801 0.090084
23151 -0.002305 0.090283
23201 -0.002227 0.090649
23251 -0.001297 0.089982
23301 -0.001756 0.089721
23351 -0.001780 0.090611
23401 -0.000345 0.090328
23451 -0.000985 0.090423
23501 -0.001766 0.090912
23551 -0.003452 0.091436
23601 -0.003663 0.091240
23651 -0.003257 0.091414
23701 -0.004013 0.091373
23751 -0.004471 0.091252
23801 -0.003873 0.092026
23851 -0.002871 0.091059
23901 -0.002425 0.091117
23951 -0.002679 0.091215
24001 -0.005901 0.092239
24051 -0.007872 0.094378
24101 -0.006358 0.092662
24151 -0.005465 0.091556
24201 -0.004057 0.091361
24251 -0.002808 0.090143
24301 -0.004384 0.091827
24351 -0.004161 0.091571
24401 -0.004144 0.091544
24451 -0.004781 0.091634
24501 -0.004814 0.092727
24551 -0.004938 0.092564
24601 -0.005716 0.093062
24651 -0.004966 0.093364
24701 -0.005003 0.093263
24751 -0.005857 0.093515
24801 -0.006232 0.094682
24851 -0.006251 0.093571
24901 -0.005711 0.093765
24951 -0.005096 0.092826
25001 -0.005822 0.094573
25051 -0.005809 0.094666
25101 -0.005301 0.094091
25151 -0.005090 0.094050
25201 -0.005069 0.094702
25251 -0.006591 0.095374
25301 -0.006835 0.095473
25351 -0.006051 0.095184
25401 -0.006241 0.094911
25451 -0.005653 0.094659
25501 -0.004471 0.094479
25551 -0.004379 0.094290
25601 -0.005160 0.094808
25651 -0.005032 0.094922
25701 -0.005888 0.095434
25751 -0.005913 0.095466
25801 -0.005603 0.095284
25851 -0.005479 0.095246
25901 -0.004913 0.095208
25951 -0.005419 0.095069
26001 -0.005850 0.095445
26051 -0.004966 0.095876
26101 -0.004622 0.095464
26151 -0.004854 0.095962
26201 -0.005423 0.095686
26251 -0.004504 0.095662
26301 -0.005703 0.095843
26351 -0.006198 0.096422
26401 -0.006137 0.096880
26451 -0.005930 0.096564
26501 -0.006222 0.096708
26551 -0.004551 0.095474
26601 -0.003747 0.095609
26651 -0.003899 0.095582
26701 -0.003349 0.094654
26751 -0.002765 0.095315
26801 -0.002838 0.095369
26851 -0.002732 0.095677
26901 -0.003904 0.095645
26951 -0.003610 0.095809
27001 -0.003170 0.095779
27051 -0.002513 0.095556
27101 -0.003363 0.096227
27151 -0.002556 0.095715
27201 -0.002793 0.095682
27251 -0.002822 0.096160
27301 -0.002876 0.095942
27351 -0.003073 0.095745
27401 -0.002710 0.096932
27451 -0.003992 0.096994
27501 -0.003927 0.096544
27551 -0.003861 0.096403
27601 -0.003976 0.096625
27651 -0.003431 0.096528
27701 -0.002988 0.096818
27751 -0.003171 0.096666
27801 -0.003511 0.096757
27851 -0.003354 0.096794
27901 -0.002901 0.096569
27951 -0.003286 0.097713
28001 -0.003030 0.096758
28051 -0.002810 0.096241
28101 -0.002690 0.097019
28151 -0.002642 0.097641
28201 -0.002495 0.096888
28251 -0.002478 0.097030
28301 -0.001576 0.096969
28351 -0.001534 0.097195
28401 -0.001605 0.097099
28451 -0.001220 0.097402
28501 -0.000059 0.096971
28551 0.000138 0.096960
28601 0.000810 0.097767
28651 0.000859 0.097019
28701 0.000096 0.096786
28751 0.000349 0.096805
28801 -0.003489 0.098530
28851 -0.004064 0.098621
28901 -0.003259 0.097650
28951 -0.002936 0.097979
29001 -0.002420 0.096926
29051 -0.002329 0.096918
29101 -0.003185 0.097228
29151 -0.003174 0.098076
29201 -0.002399 0.097336
29251 -0.001425 0.097244
29301 -0.001961 0.097882
29351 -0.001033 0.097220
