1 0.000000 0.494661
51 0.000208 0.494100
101 0.004638 0.536889
151 0.010386 0.605350
201 0.017909 0.687056
251 0.028679 0.777701
301 0.041697 0.844979
351 0.049076 0.870711
401 0.050301 0.874514
451 0.050352 0.872801
501 0.049487 0.872207
551 0.045257 0.857102
601 0.040679 0.832351
651 0.036789 0.805349
701 0.034884 0.791936
751 0.031685 0.775377
801 0.030730 0.767545
851 0.030174 0.758168
901 0.029211 0.756540
951 0.028019 0.749723
1001 0.026315 0.732113
1051 0.025054 0.722962
1101 0.023352 0.705390
1151 0.021358 0.680816
1201 0.020730 0.681845
1251 0.019960 0.668323
1301 0.021066 0.684392
1351 0.018219 0.654996
1401 0.018346 0.659008
1451 0.019363 0.670364
1501 0.017418 0.659311
1551 0.017371 0.659885
1601 0.015351 0.647707
1651 0.014432 0.652181
1701 0.016067 0.665296
1751 0.015146 0.649078
1801 0.012941 0.622254
1851 0.012137 0.618217
1901 0.010687 0.625593
1951 0.014136 0.641148
2001 0.013903 0.636194
2051 0.013510 0.627606
2101 0.014713 0.621219
2151 0.020124 0.654626
2201 0.019426 0.624931
2251 0.018746 0.615282
2301 0.018564 0.605027
2351 0.021276 0.617855
2401 0.016869 0.597951
2451 0.016027 0.592939
2501 0.016085 0.600256
2551 0.015028 0.588745
2601 0.011151 0.578610
2651 0.015432 0.585843
2701 0.018644 0.596471
2751 0.013119 0.563415
2801 0.015951 0.574423
2851 0.016296 0.570946
2901 0.014404 0.562818
2951 0.016375 0.569277
3001 0.013141 0.561077
3051 0.010573 0.548430
3101 0.011473 0.554903
3151 0.010725 0.550924
3201 0.009991 0.553603
3251 0.008084 0.546175
3301 0.008186 0.549007
3351 0.007342 0.541645
3401 0.007081 0.544971
3451 0.006682 0.542688
3501 0.007264 0.544840
3551 0.006868 0.541744
3601 0.007556 0.543270
3651 0.006713 0.543295
3701 0.007347 0.540715
3751 0.012084 0.551213
3801 0.009888 0.545575
3851 0.010003 0.543612
3901 0.009675 0.540486
3951 0.015920 0.555398
4001 0.016542 0.550258
4051 0.012149 0.537775
4101 0.012136 0.539154
4151 0.014668 0.544711
4201 0.014293 0.538479
4251 0.018314 0.549080
4301 0.013741 0.523000
4351 0.013004 0.518217
4401 0.016721 0.524102
4451 0.014190 0.503930
4501 0.014552 0.487115
4551 0.020531 0.499952
4601 0.019053 0.474866
4651 0.019932 0.466300
4701 0.021800 0.465606
4751 0.023482 0.460200
4801 0.021129 0.442770
4851 0.016465 0.426881
4901 0.021539 0.446218
4951 0.025185 0.454408
5001 0.026095 0.454269
5051 0.020721 0.425143
5101 0.019599 0.419020
5151 0.019452 0.419297
5201 0.026662 0.438880
5251 0.023234 0.424358
5301 0.018595 0.407914
5351 0.016588 0.401450
5401 0.017210 0.403399
5451 0.017984 0.402435
5501 0.016298 0.397762
5551 0.017690 0.399241
5601 0.018234 0.401472
5651 0.017530 0.398260
5701 0.014959 0.390518
5751 0.014733 0.391967
5801 0.013186 0.386551
5851 0.011670 0.385127
5901 0.011661 0.385693
5951 0.012905 0.389002
6001 0.011605 0.383831
6051 0.012542 0.387183
6101 0.011027 0.385602
6151 0.008462 0.380584
6201 0.010079 0.381865
6251 0.010054 0.381227
6301 0.016702 0.393561
6351 0.015101 0.384231
6401 0.010542 0.370326
6451 0.022352 0.396185
6501 0.025904 0.400970
6551 0.026620 0.397938
6601 0.026363 0.386714
6651 0.020942 0.369848
6701 0.021661 0.372617
6751 0.020897 0.368061
6801 0.022834 0.366788
6851 0.025996 0.369442
6901 0.027390 0.366081
6951 0.022124 0.353643
7001 0.022865 0.359493
7051 0.022676 0.355994
7101 0.022297 0.351395
7151 0.019795 0.346910
7201 0.022039 0.356323
7251 0.020967 0.347701
7301 0.019480 0.348004
7351 0.020024 0.348907
7401 0.018320 0.345021
7451 0.017868 0.342719
7501 0.016397 0.343664
7551 0.015504 0.342778
7601 0.016030 0.340475
7651 0.017604 0.343418
7701 0.018011 0.342793
7751 0.017340 0.339714
7801 0.016296 0.338925
7851 0.018500 0.338460
7901 0.016046 0.337481
7951 0.022570 0.344576
8001 0.021633 0.337965
8051 0.019705 0.335270
8101 0.019767 0.336524
8151 0.020410 0.337997
8201 0.019203 0.334446
8251 0.017851 0.337084
8301 0.017474 0.334730
8351 0.020180 0.341716
8401 0.018244 0.333187
8451 0.017487 0.332004
8501 0.017970 0.330743
8551 0.016175 0.330421
8601 0.016903 0.334547
8651 0.015890 0.331041
8701 0.017085 0.331760
8751 0.016503 0.331343
8801 0.016783 0.328570
8851 0.017688 0.330708
8901 0.016144 0.327939
8951 0.016233 0.327908
9001 0.015643 0.326596
9051 0.022874 0.342798
9101 0.019985 0.332431
9151 0.015894 0.323996
9201 0.012178 0.313538
9251 0.015344 0.322310
9301 0.016213 0.320891
9351 0.024980 0.324220
9401 0.024193 0.322667
9451 0.024377 0.325904
9501 0.015212 0.306231
9551 0.016065 0.308176
9601 0.013174 0.305420
9651 0.012747 0.305974
9701 0.012860 0.303439
9751 0.011985 0.302087
9801 0.009179 0.298208
9851 0.012312 0.302034
9901 0.012239 0.302515
9951 0.012435 0.299971
10001 0.012831 0.299262
10051 0.012179 0.297423
10101 0.010636 0.296967
10151 0.013183 0.299940
10201 0.011209 0.295600
10251 0.016421 0.299201
10301 0.016856 0.292031
10351 0.016284 0.295999
10401 0.016528 0.293761
10451 0.016441 0.290210
10501 0.016188 0.293261
10551 0.013756 0.277075
10601 0.017134 0.284529
10651 0.017096 0.284480
10701 0.014173 0.274118
10751 0.013244 0.273168
10801 0.013812 0.274599
10851 0.014707 0.276997
10901 0.013548 0.271629
10951 0.012226 0.267176
11001 0.013113 0.269289
11051 0.012036 0.267663
11101 0.012488 0.267464
11151 0.011707 0.267563
11201 0.011272 0.265669
11251 0.015457 0.273364
11301 0.020436 0.286347
11351 0.021282 0.288774
11401 0.021912 0.290806
11451 0.022575 0.286937
11501 0.023826 0.289626
11551 0.017184 0.276341
11601 0.017529 0.278294
11651 0.024832 0.293388
11701 0.019947 0.274015
11751 0.019805 0.274786
11801 0.017383 0.269003
11851 0.019660 0.274781
11901 0.019624 0.271766
11951 0.019160 0.272727
12001 0.018941 0.271704
12051 0.019010 0.270056
12101 0.018876 0.273831
12151 0.018699 0.268637
12201 0.019662 0.271345
12251 0.020580 0.272837
12301 0.019110 0.269751
12351 0.018228 0.265372
12401 0.015962 0.260121
12451 0.018829 0.267592
12501 0.019040 0.266487
12551 0.017948 0.255871
12601 0.025764 0.274469
12651 0.026796 0.274980
12701 0.020410 0.259723
12751 0.017344 0.253807
12801 0.016405 0.248973
12851 0.016705 0.254478
12901 0.017544 0.257216
12951 0.016319 0.251995
13001 0.018305 0.253913
13051 0.019594 0.261646
13101 0.017925 0.254765
13151 0.017038 0.255252
13201 0.017765 0.257605
13251 0.018076 0.258392
13301 0.017726 0.261236
13351 0.016308 0.255239
13401 0.015599 0.254250
13451 0.019261 0.261484
13501 0.015988 0.250647
13551 0.018422 0.252872
13601 0.016163 0.251711
13651 0.015416 0.247244
13701 0.016614 0.247110
13751 0.014495 0.244665
13801 0.014798 0.242008
13851 0.014378 0.243671
13901 0.015515 0.243627
13951 0.015138 0.244246
14001 0.016309 0.245651
14051 0.016588 0.244758
14101 0.016244 0.245201
14151 0.016593 0.244495
14201 0.017782 0.244219
14251 0.017878 0.243987
14301 0.019767 0.250465
14351 0.019551 0.251780
14401 0.019363 0.245099
14451 0.019204 0.249402
14501 0.018226 0.245852
14551 0.020050 0.251669
14601 0.018548 0.247957
14651 0.019702 0.248526
14701 0.021072 0.249781
14751 0.021303 0.249278
14801 0.020068 0.245763
14851 0.017531 0.244234
14901 0.019230 0.249941
14951 0.021039 0.249661
15001 0.021746 0.248828
15051 0.021511 0.253192
15101 0.021313 0.254158
15151 0.022092 0.255305
15201 0.019760 0.252217
15251 0.027084 0.265380
15301 0.023271 0.257308
15351 0.025168 0.262941
15401 0.025131 0.258521
15451 0.024640 0.257492
15501 0.023461 0.256928
15551 0.024659 0.261063
15601 0.025741 0.265177
15651 0.025157 0.260326
15701 0.025643 0.261136
15751 0.027004 0.264144
15801 0.024568 0.258534
15851 0.024085 0.261992
15901 0.021444 0.255933
15951 0.024467 0.261026
16001 0.023070 0.259588
16051 0.022831 0.256497
16101 0.024080 0.260576
16151 0.025514 0.260965
16201 0.024457 0.259287
16251 0.023068 0.257906
16301 0.022219 0.257818
16351 0.023656 0.256865
16401 0.023019 0.257778
16451 0.022920 0.255860
16501 0.023309 0.255637
16551 0.024669 0.255605
16601 0.021047 0.253380
16651 0.024303 0.259296
16701 0.025831 0.263810
16751 0.021926 0.253898
16801 0.022565 0.258037
16851 0.023566 0.258065
16901 0.021657 0.255474
16951 0.023014 0.258809
17001 0.021833 0.252347
17051 0.016601 0.241043
17101 0.016580 0.241304
17151 0.016646 0.243353
17201 0.014604 0.239719
17251 0.013958 0.241255
17301 0.012350 0.239477
17351 0.016602 0.244024
17401 0.017203 0.245178
17451 0.017201 0.242587
17501 0.016060 0.244875
17551 0.017008 0.245052
17601 0.015867 0.244521
17651 0.011731 0.238891
17701 0.015014 0.238146
17751 0.017625 0.244841
17801 0.018843 0.248714
17851 0.019161 0.248241
17901 0.019407 0.250094
17951 0.018316 0.244789
18001 0.019172 0.247580
18051 0.020036 0.251410
18101 0.014095 0.237889
18151 0.018081 0.243874
18201 0.016847 0.239869
18251 0.016229 0.238180
18301 0.019403 0.245508
18351 0.015218 0.237749
18401 0.015190 0.237734
18451 0.016091 0.234915
18501 0.015458 0.233802
18551 0.016975 0.237212
18601 0.017477 0.237565
18651 0.017938 0.239269
18701 0.017654 0.237740
18751 0.019138 0.239983
18801 0.019403 0.240206
18851 0.018814 0.241872
18901 0.017989 0.238880
18951 0.017816 0.238957
19001 0.017555 0.237819
19051 0.018476 0.239919
19101 0.017854 0.239901
19151 0.021164 0.245518
19201 0.020086 0.239382
19251 0.016700 0.235892
19301 0.020409 0.242119
19351 0.019294 0.238255
19401 0.019049 0.237346
19451 0.017962 0.237426
19501 0.016642 0.235378
19551 0.014182 0.229903
19601 0.015962 0.234109
19651 0.016858 0.237008
19701 0.018572 0.239732
19751 0.017483 0.236833
19801 0.016050 0.234225
19851 0.017543 0.236985
19901 0.013977 0.229669
19951 0.017521 0.236653
20001 0.017999 0.237789
20051 0.019253 0.240387
20101 0.019501 0.239732
20151 0.019249 0.239207
20201 0.019047 0.238711
20251 0.019521 0.242248
20301 0.019724 0.241559
20351 0.019477 0.241019
20401 0.019669 0.240209
20451 0.018543 0.238652
20501 0.019167 0.239990
20551 0.018656 0.238766
20601 0.016492 0.235435
20651 0.018170 0.237264
20701 0.018043 0.237041
20751 0.013985 0.230347
20801 0.012967 0.229368
20851 0.014450 0.230502
20901 0.013633 0.229846
20951 0.014060 0.229065
21001 0.014940 0.232152
21051 0.015748 0.233244
21101 0.015588 0.232752
21151 0.014378 0.229124
21201 0.015068 0.230921
21251 0.015102 0.230328
21301 0.013166 0.227284
21351 0.015111 0.230404
21401 0.015131 0.230903
21451 0.014319 0.228137
21501 0.014537 0.229238
21551 0.015481 0.230582
21601 0.014967 0.228890
21651 0.012742 0.225554
21701 0.014524 0.229133
21751 0.015047 0.230132
21801 0.014700 0.229291
21851 0.014730 0.227950
21901 0.014429 0.228351
21951 0.014095 0.228632
22001 0.014343 0.229374
22051 0.014337 0.230044
22101 0.013949 0.228295
22151 0.012676 0.226171
22201 0.012353 0.226314
22251 0.013191 0.228044
22301 0.011912 0.226577
22351 0.012459 0.226479
22401 0.012790 0.227031
22451 0.012754 0.226213
22501 0.013613 0.227379
22551 0.013223 0.226510
22601 0.013788 0.227157
22651 0.014485 0.228850
22701 0.014141 0.227794
22751 0.013859 0.228766
22801 0.014271 0.229169
22851 0.014352 0.229045
22901 0.014459 0.229026
22951 0.013845 0.228324
23001 0.013573 0.228999
23051 0.013922 0.229063
23101 0.012414 0.226652
23151 0.012718 0.227871
23201 0.011791 0.225780
23251 0.012393 0.227798
23301 0.012059 0.227154
23351 0.012199 0.228485
23401 0.011586 0.226291
23451 0.012531 0.228165
23501 0.013063 0.229842
23551 0.013655 0.229646
23601 0.012502 0.227987
23651 0.013089 0.229232
23701 0.011771 0.227806
23751 0.011326 0.226292
23801 0.012823 0.229315
23851 0.011149 0.226255
23901 0.012197 0.228130
23951 0.012053 0.227696
24001 0.011875 0.227766
24051 0.012467 0.227613
24101 0.012291 0.227331
24151 0.012805 0.228613
24201 0.013240 0.230284
24251 0.012323 0.228566
24301 0.011829 0.227768
24351 0.011953 0.228945
24401 0.013197 0.231447
24451 0.011116 0.226043
24501 0.010663 0.225642
24551 0.011224 0.226451
24601 0.011806 0.227962
24651 0.011355 0.227843
24701 0.011842 0.227920
24751 0.012568 0.228329
24801 0.012163 0.228546
24851 0.013025 0.229254
24901 0.011204 0.226620
24951 0.011733 0.227581
25001 0.011900 0.227473
25051 0.011754 0.228237
25101 0.011781 0.228279
25151 0.011329 0.227249
25201 0.011388 0.227552
25251 0.012478 0.229569
25301 0.011877 0.228885
25351 0.011702 0.229148
25401 0.011822 0.228962
25451 0.011064 0.226939
25501 0.010862 0.226967
25551 0.011348 0.227783
25601 0.010455 0.226753
25651 0.010715 0.226239
25701 0.011768 0.227519
25751 0.011295 0.226984
25801 0.011252 0.226955
25851 0.011539 0.227251
25901 0.013097 0.231208
25951 0.013252 0.230230
26001 0.012619 0.228646
26051 0.011617 0.227628
26101 0.012368 0.228931
26151 0.012559 0.229655
26201 0.012323 0.228121
26251 0.012769 0.230538
26301 0.012395 0.229561
26351 0.011033 0.226633
26401 0.011286 0.227602
26451 0.011390 0.227355
26501 0.011422 0.228351
26551 0.011483 0.228227
26601 0.011632 0.227919
26651 0.012076 0.228914
26701 0.012459 0.228777
26751 0.011772 0.228348
26801 0.011870 0.228726
26851 0.011739 0.229053
26901 0.012270 0.229791
26951 0.012216 0.229524
27001 0.012124 0.230243
27051 0.012170 0.229561
27101 0.012229 0.229861
27151 0.012119 0.229848
27201 0.011511 0.229464
27251 0.011793 0.229423
27301 0.011164 0.228158
27351 0.011775 0.229205
27401 0.011402 0.229264
27451 0.011002 0.228614
27501 0.011537 0.229559
27551 0.011700 0.230000
27601 0.011787 0.229739
27651 0.011514 0.229302
27701 0.011660 0.228948
27751 0.011352 0.229504
27801 0.011495 0.229098
27851 0.011269 0.229412
27901 0.011227 0.230454
27951 0.011387 0.229770
28001 0.010837 0.228835
28051 0.011614 0.230901
28101 0.011312 0.229642
28151 0.010373 0.228791
28201 0.011236 0.230478
28251 0.010796 0.228885
28301 0.012331 0.231243
28351 0.011526 0.230552
28401 0.011026 0.229827
28451 0.011853 0.231461
28501 0.010853 0.229424
28551 0.010934 0.229397
28601 0.011315 0.230849
28651 0.011182 0.230122
28701 0.011001 0.230322
28751 0.011690 0.231412
28801 0.011863 0.231035
28851 0.010899 0.229898
28901 0.011034 0.230235
28951 0.010965 0.229468
29001 0.011288 0.230779
29051 0.011562 0.231509
29101 0.011533 0.231272
29151 0.012230 0.232318
29201 0.011743 0.231803
29251 0.011526 0.231315
29301 0.011447 0.231550
29351 0.011498 0.232580
