1 0.000000 0.482418
51 0.000461 0.485198
101 0.004869 0.524979
151 0.009045 0.577567
201 0.016715 0.664373
251 0.030342 0.766306
301 0.043154 0.823141
351 0.048867 0.840479
401 0.050354 0.843693
451 0.041064 0.802308
501 0.037920 0.780809
551 0.035148 0.757360
601 0.032647 0.721645
651 0.030519 0.688266
701 0.028464 0.646077
751 0.027049 0.620389
801 0.025951 0.609744
851 0.024951 0.593819
901 0.024132 0.584705
951 0.023457 0.582851
1001 0.022906 0.575241
1051 0.022222 0.572701
1101 0.021811 0.568322
1151 0.020330 0.556185
1201 0.019188 0.551178
1251 0.017723 0.548679
1301 0.016635 0.540659
1351 0.014041 0.532529
1401 0.009543 0.518302
1451 0.006425 0.513760
1501 0.006946 0.509811
1551 0.003597 0.509726
1601 0.003746 0.511902
1651 0.003137 0.503406
1701 -0.000684 0.495744
1751 -0.000363 0.497759
1801 0.000033 0.501634
1851 0.001585 0.496653
1901 0.003335 0.497155
1951 0.001287 0.495139
2001 0.004079 0.491391
2051 0.007479 0.495114
2101 0.006591 0.492434
2151 0.001108 0.476005
2201 0.001270 0.474507
2251 0.001549 0.471638
2301 -0.000263 0.469941
2351 -0.001328 0.470907
2401 -0.000488 0.466934
2451 0.000090 0.465609
2501 0.001317 0.461163
2551 0.000390 0.459945
2601 -0.002705 0.461391
2651 0.000488 0.456971
2701 0.000531 0.449328
2751 0.000794 0.448687
2801 0.001332 0.438565
2851 -0.002728 0.425730
2901 0.011987 0.405948
2951 0.003433 0.362763
3001 -0.000153 0.350022
3051 -0.000964 0.351825
3101 -0.004829 0.353423
3151 -0.001374 0.349895
3201 -0.003981 0.348315
3251 -0.002854 0.336126
3301 -0.002596 0.340380
3351 -0.002540 0.346386
3401 0.001884 0.340577
3451 -0.000767 0.341173
3501 -0.002491 0.340395
3551 -0.001372 0.338600
3601 -0.004101 0.342606
3651 -0.002227 0.340208
3701 -0.001588 0.339024
3751 -0.000771 0.334488
3801 -0.006837 0.340768
3851 -0.003565 0.332863
3901 0.000111 0.331116
3951 0.001478 0.322525
4001 0.002297 0.322992
4051 -0.003661 0.325508
4101 -0.003118 0.324223
4151 0.002068 0.317841
4201 0.002468 0.317996
4251 -0.000198 0.308927
4301 0.001858 0.314715
4351 0.000892 0.314050
4401 0.002775 0.308478
4451 -0.002975 0.302867
4501 0.002548 0.301253
4551 0.000066 0.296513
4601 0.000223 0.297666
4651 0.003480 0.301819
4701 -0.000031 0.294032
4751 -0.002967 0.292384
4801 -0.001250 0.299770
4851 -0.001593 0.297526
4901 -0.000730 0.293238
4951 -0.002340 0.289966
5001 -0.003688 0.287170
5051 -0.000925 0.299660
5101 -0.001559 0.298518
5151 0.005325 0.260538
5201 -0.002270 0.230052
5251 0.001870 0.235994
5301 -0.001500 0.234035
5351 -0.001253 0.229399
5401 0.000251 0.225649
5451 -0.000902 0.223667
5501 -0.000987 0.221594
5551 -0.006556 0.213328
5601 -0.008553 0.220433
5651 -0.004551 0.212405
5701 -0.003232 0.211534
5751 -0.001119 0.215037
5801 -0.000196 0.208657
5851 0.000556 0.207328
5901 0.003754 0.215683
5951 0.000578 0.203988
6001 -0.003594 0.208128
6051 -0.009046 0.226605
6101 -0.003338 0.205292
6151 -0.000607 0.208303
6201 -0.003521 0.204937
6251 -0.002369 0.202679
6301 -0.001538 0.203738
6351 -0.007789 0.196034
6401 -0.002571 0.191452
6451 -0.001976 0.189827
6501 0.001811 0.184972
6551 0.001052 0.180130
6601 -0.000765 0.185844
6651 -0.003414 0.182164
6701 -0.003094 0.173177
6751 -0.001695 0.177320
6801 -0.002324 0.179933
6851 -0.000583 0.177722
6901 -0.000946 0.173744
6951 -0.000720 0.171896
7001 0.000293 0.173523
7051 -0.003522 0.176906
7101 -0.005672 0.171662
7151 -0.007323 0.168850
7201 -0.003641 0.172041
7251 0.000326 0.167536
7301 -0.001974 0.160374
7351 -0.002861 0.160120
7401 -0.003248 0.156458
7451 -0.003792 0.155557
7501 0.000544 0.150708
7551 -0.005839 0.155498
7601 -0.005413 0.154659
7651 -0.003963 0.161704
7701 -0.004538 0.153295
7751 -0.005683 0.157179
7801 -0.007468 0.154099
7851 -0.004767 0.160666
7901 -0.001171 0.162637
7951 0.001438 0.155280
8001 0.001996 0.155559
8051 -0.008713 0.154989
8101 -0.005113 0.158319
8151 -0.004049 0.152367
8201 -0.004506 0.149694
8251 -0.005172 0.147013
8301 -0.002372 0.145410
8351 -0.007413 0.146551
8401 -0.006159 0.144501
8451 -0.001205 0.147319
8501 -0.001973 0.139461
8551 -0.007179 0.151153
8601 -0.006364 0.145297
8651 -0.002755 0.136664
8701 -0.007038 0.139684
8751 -0.006160 0.136776
8801 -0.006722 0.137282
8851 -0.010330 0.135619
8901 -0.009251 0.129562
8951 -0.005266 0.114670
9001 -0.000386 0.109989
9051 -0.008886 0.122768
9101 -0.007746 0.115821
9151 -0.005703 0.112056
9201 -0.009298 0.119873
9251 -0.012062 0.132147
9301 -0.012048 0.118649
9351 -0.008882 0.113897
9401 -0.007056 0.112095
9451 -0.005319 0.111254
9501 -0.004645 0.110760
9551 -0.009262 0.113380
9601 -0.010689 0.115695
9651 -0.012890 0.118139
9701 -0.011288 0.114084
9751 -0.007674 0.109344
9801 -0.010356 0.114965
9851 -0.008169 0.112787
9901 -0.008850 0.112624
9951 -0.008441 0.114247
10001 -0.012574 0.119122
10051 -0.013424 0.118815
10101 -0.009003 0.112860
10151 -0.011401 0.114499
10201 -0.013469 0.121875
10251 -0.005561 0.113027
10301 -0.004970 0.110300
10351 -0.011430 0.114137
10401 -0.008414 0.110963
10451 -0.005360 0.110613
10501 -0.003696 0.110757
10551 -0.005719 0.110218
10601 -0.013539 0.119024
10651 -0.008122 0.111943
10701 -0.010969 0.116170
10751 -0.011153 0.114463
10801 -0.006934 0.109804
10851 -0.005106 0.110133
10901 -0.010254 0.113405
10951 -0.011516 0.118327
11001 -0.006915 0.111771
11051 -0.008438 0.112659
11101 -0.006570 0.109678
11151 0.000665 0.105777
11201 0.003274 0.108452
11251 0.000832 0.108252
11301 -0.000360 0.108336
11351 -0.001208 0.108139
11401 -0.004119 0.107804
11451 -0.002140 0.108700
11501 -0.001974 0.108457
11551 -0.003290 0.107246
11601 -0.005205 0.108959
11651 -0.005837 0.108196
11701 -0.005957 0.107872
11751 0.000273 0.104144
11801 -0.004956 0.105841
11851 -0.002810 0.104474
11901 -0.003309 0.104650
11951 -0.013943 0.110725
12001 -0.008338 0.104032
12051 -0.005799 0.103526
12101 0.000397 0.101825
12151 -0.000991 0.103259
12201 -0.001244 0.102612
12251 -0.002384 0.103221
12301 -0.003564 0.104515
12351 -0.003556 0.104063
12401 -0.001503 0.102430
12451 -0.004540 0.101915
12501 -0.003534 0.099923
12551 0.002736 0.098854
12601 -0.001429 0.098607
12651 -0.009179 0.102540
12701 -0.006433 0.099936
12751 -0.003643 0.098438
12801 -0.005704 0.097316
12851 -0.010315 0.099919
12901 -0.008929 0.100569
12951 -0.005187 0.098857
13001 -0.003903 0.096466
13051 -0.005845 0.098908
13101 -0.003068 0.095224
13151 -0.006802 0.096446
13201 -0.010969 0.100326
13251 -0.014258 0.105927
13301 -0.011851 0.103003
13351 -0.009080 0.101180
13401 -0.014804 0.107054
13451 -0.014071 0.104679
13501 -0.014501 0.106736
13551 -0.017966 0.109981
13601 -0.020104 0.112964
13651 -0.015285 0.106312
13701 -0.017151 0.108429
13751 -0.014556 0.107323
13801 -0.013871 0.108404
13851 -0.010097 0.108150
13901 -0.015258 0.109140
13951 -0.016087 0.110666
14001 -0.016267 0.112382
14051 -0.014856 0.108822
14101 -0.013733 0.110246
14151 -0.010835 0.109498
14201 -0.015900 0.112881
14251 -0.009638 0.107060
14301 -0.006027 0.106674
14351 -0.009307 0.107362
14401 -0.007045 0.106295
14451 -0.016704 0.111603
14501 -0.015785 0.112672
14551 -0.011104 0.109979
14601 -0.011388 0.111476
14651 -0.012641 0.112018
14701 -0.020365 0.117897
14751 -0.014002 0.111919
14801 -0.013134 0.110468
14851 -0.019373 0.116089
14901 -0.018387 0.116163
14951 -0.014977 0.113078
15001 -0.013999 0.113024
15051 -0.016395 0.115006
15101 -0.015373 0.113339
15151 -0.007580 0.111229
15201 -0.009269 0.110949
15251 -0.012251 0.110984
15301 -0.012273 0.112453
15351 -0.009609 0.112365
15401 -0.004965 0.110102
15451 -0.007467 0.110497
15501 -0.010652 0.113174
15551 -0.012028 0.114749
15601 -0.015793 0.115866
15651 -0.015781 0.117826
15701 -0.011572 0.114787
15751 -0.003892 0.112132
15801 -0.007244 0.113989
15851 -0.008379 0.113441
15901 -0.005761 0.113031
15951 -0.009550 0.115508
16001 -0.011333 0.115368
16051 -0.013335 0.117328
16101 -0.014232 0.117877
16151 -0.018414 0.120888
16201 -0.013274 0.116654
16251 -0.014777 0.118695
16301 -0.013493 0.117894
16351 -0.013873 0.119466
16401 -0.011432 0.117554
16451 -0.012821 0.119995
16501 -0.016234 0.121066
16551 -0.017670 0.124858
16601 -0.022243 0.128687
16651 -0.018906 0.125529
16701 -0.018177 0.124375
16751 -0.020125 0.127634
16801 -0.015100 0.122964
16851 -0.016337 0.124845
16901 -0.014318 0.123688
16951 -0.012122 0.122364
17001 -0.012379 0.122440
17051 -0.015741 0.124830
17101 -0.012754 0.123389
17151 -0.009851 0.122528
17201 -0.009614 0.121418
17251 -0.014133 0.124641
17301 -0.012623 0.124230
17351 -0.009993 0.123576
17401 -0.009168 0.123565
17451 -0.005986 0.120586
17501 -0.006119 0.122854
17551 -0.008985 0.123082
17601 -0.006035 0.122225
17651 -0.003164 0.120950
17701 -0.005190 0.122413
17751 -0.005493 0.122812
17801 -0.004481 0.122675
17851 -0.005564 0.124004
17901 -0.011064 0.125256
17951 -0.007445 0.124268
18001 -0.011313 0.127395
18051 -0.008912 0.124746
18101 -0.013196 0.126110
18151 -0.013826 0.128039
18201 -0.014443 0.129664
18251 -0.014723 0.129038
18301 -0.014249 0.129472
18351 -0.015753 0.132970
18401 -0.018072 0.133539
18451 -0.012914 0.127100
18501 -0.013282 0.128102
18551 -0.015440 0.130923
18601 -0.013554 0.128355
18651 -0.015916 0.129376
18701 -0.017380 0.131016
18751 -0.016693 0.131385
18801 -0.012594 0.128330
18851 -0.013792 0.129398
18901 -0.016278 0.132150
18951 -0.016036 0.131145
19001 -0.011450 0.130688
19051 -0.010246 0.127767
19101 -0.011116 0.129013
19151 -0.007098 0.129691
19201 -0.007481 0.129576
19251 -0.010935 0.131443
19301 -0.010673 0.130548
19351 -0.012381 0.132275
19401 -0.011414 0.130606
19451 -0.005623 0.129224
19501 -0.007285 0.129855
19551 -0.003393 0.127225
19601 -0.007172 0.129588
19651 -0.006144 0.128633
19701 -0.005612 0.128516
19751 -0.003823 0.129107
19801 -0.002113 0.129301
19851 -0.000533 0.129120
19901 -0.000021 0.128940
19951 -0.000903 0.129594
20001 -0.004149 0.129395
20051 -0.006389 0.130206
20101 -0.004739 0.130077
20151 -0.004966 0.130792
20201 -0.006999 0.131225
20251 -0.009011 0.132580
20301 -0.007948 0.131784
20351 -0.007793 0.131767
20401 -0.009261 0.132535
20451 -0.009594 0.133290
20501 -0.008762 0.133116
20551 -0.010112 0.134413
20601 -0.010370 0.135876
20651 -0.008950 0.135282
20701 -0.009110 0.132708
20751 -0.007589 0.133271
20801 -0.006049 0.132793
20851 -0.005522 0.132960
20901 -0.004826 0.132173
20951 -0.005696 0.134075
21001 -0.005369 0.132939
21051 -0.004605 0.133096
21101 -0.003019 0.132957
21151 -0.005222 0.134114
21201 -0.006289 0.134051
21251 -0.003885 0.133425
21301 -0.002827 0.132696
21351 -0.002618 0.132598
21401 -0.004480 0.133723
21451 -0.004547 0.134664
21501 -0.007953 0.136527
21551 -0.006727 0.134855
21601 -0.007770 0.136265
21651 -0.008684 0.137403
21701 -0.007953 0.136830
21751 -0.008688 0.137119
21801 -0.011028 0.139564
21851 -0.011184 0.139142
21901 -0.010106 0.137679
21951 -0.009658 0.137086
22001 -0.007553 0.136607
22051 -0.005279 0.133793
22101 -0.005231 0.135403
22151 -0.007482 0.137105
22201 -0.008094 0.138062
22251 -0.010022 0.140029
22301 -0.008060 0.137803
22351 -0.007900 0.137737
22401 -0.008727 0.138068
22451 -0.009363 0.140391
22501 -0.008123 0.138398
22551 -0.009302 0.139446
22601 -0.011871 0.141906
22651 -0.012742 0.141696
22701 -0.013909 0.146444
22751 -0.012450 0.143078
22801 -0.012312 0.142699
22851 -0.011801 0.141936
22901 -0.012116 0.140780
22951 -0.011724 0.142551
23001 -0.011963 0.142427
23051 -0.011776 0.144439
23101 -0.010862 0.141521
23151 -0.009715 0.141338
23201 -0.008248 0.141505
23251 -0.009529 0.142142
23301 -0.009175 0.141699
23351 -0.008340 0.141000
23401 -0.007552 0.140149
23451 -0.009014 0.141715
23501 -0.008406 0.141172
23551 -0.008194 0.141529
23601 -0.005844 0.139765
23651 -0.005940 0.139827
23701 -0.007883 0.140958
23751 -0.008248 0.141800
23801 -0.009471 0.143928
23851 -0.009082 0.143492
23901 -0.007052 0.142225
23951 -0.008359 0.143406
24001 -0.008154 0.142108
24051 -0.009080 0.144086
24101 -0.010085 0.145016
24151 -0.009733 0.143437
24201 -0.009143 0.144661
24251 -0.008748 0.144207
24301 -0.008441 0.142955
24351 -0.008647 0.144560
24401 -0.007767 0.143480
24451 -0.008171 0.143890
24501 -0.008785 0.143593
24551 -0.007279 0.143209
24601 -0.007038 0.143732
24651 -0.007078 0.142814
24701 -0.007132 0.143876
24751 -0.007317 0.145064
24801 -0.007505 0.143585
24851 -0.007600 0.144194
24901 -0.007488 0.145154
24951 -0.007732 0.144755
25001 -0.009225 0.144926
25051 -0.008566 0.145567
25101 -0.006808 0.144488
25151 -0.007106 0.144204
25201 -0.008863 0.145875
25251 -0.007990 0.144883
25301 -0.006952 0.145578
25351 -0.006595 0.145809
25401 -0.006305 0.144917
25451 -0.005911 0.145396
25501 -0.005931 0.144627
25551 -0.005711 0.145443
25601 -0.005817 0.144907
25651 -0.004820 0.143973
25701 -0.003960 0.143750
25751 -0.004289 0.145253
25801 -0.004197 0.144773
25851 -0.002841 0.143393
25901 -0.003024 0.144265
25951 -0.003242 0.144848
26001 -0.004296 0.145023
26051 -0.005799 0.145721
26101 -0.004276 0.146047
26151 -0.005250 0.145392
26201 -0.005821 0.146516
26251 -0.005418 0.145080
26301 -0.005250 0.147202
26351 -0.005277 0.147852
26401 -0.005889 0.146329
26451 -0.006652 0.147248
26501 -0.007043 0.147722
26551 -0.006705 0.147167
26601 -0.007568 0.145819
26651 -0.007466 0.149083
26701 -0.005295 0.146866
26751 -0.005408 0.147711
26801 -0.004903 0.147084
26851 -0.005960 0.147666
26901 -0.005913 0.147577
26951 -0.005098 0.147476
27001 -0.004441 0.147833
27051 -0.005008 0.147605
27101 -0.005928 0.147783
27151 -0.005574 0.147714
27201 -0.005234 0.148304
27251 -0.004524 0.147342
27301 -0.004270 0.147871
27351 -0.004025 0.147340
27401 -0.004002 0.146810
27451 -0.004010 0.147763
27501 -0.004470 0.147677
27551 -0.004698 0.148320
27601 -0.004484 0.148126
27651 -0.004454 0.147937
27701 -0.004174 0.148189
27751 -0.004179 0.147682
27801 -0.004303 0.148213
27851 -0.004803 0.149011
27901 -0.004974 0.148126
27951 -0.004790 0.148992
28001 -0.003896 0.148716
28051 -0.003714 0.148407
28101 -0.004986 0.149424
28151 -0.004118 0.148796
28201 -0.003334 0.147933
28251 -0.003046 0.147635
28301 -0.003286 0.148504
28351 -0.003562 0.149637
28401 -0.003404 0.149230
28451 -0.002850 0.148034
28501 -0.003005 0.148424
28551 -0.001625 0.148741
28601 -0.001733 0.148491
28651 -0.002840 0.148356
28701 -0.005665 0.150644
28751 -0.006033 0.151048
28801 -0.005833 0.151107
28851 -0.005865 0.150534
28901 -0.005783 0.150770
28951 -0.005903 0.150982
29001 -0.005279 0.150555
29051 -0.004237 0.149220
29101 -0.005143 0.151175
29151 -0.006673 0.152328
29201 -0.005566 0.150551
29251 -0.004888 0.151476
29301 -0.003684 0.150287
29351 -0.003627 0.150060
