1 0.000000 0.560314
51 0.000189 0.559354
101 0.004075 0.593008
151 0.011552 0.660978
201 0.023215 0.747862
251 0.038345 0.818154
301 0.046655 0.844017
351 0.049976 0.847339
401 0.045314 0.826382
451 0.036266 0.784220
501 0.031482 0.745552
551 0.025287 0.688827
601 0.019472 0.643695
651 0.016537 0.622123
701 0.013908 0.605309
751 0.011514 0.594305
801 0.009649 0.592606
851 0.008401 0.590353
901 0.006976 0.587308
951 0.005126 0.583455
1001 0.003210 0.577509
1051 0.002836 0.577812
1101 0.000335 0.572102
1151 0.000206 0.575257
1201 -0.000325 0.579235
1251 0.000746 0.576812
1301 0.000156 0.573652
1351 -0.001128 0.571426
1401 -0.001180 0.569737
1451 -0.000308 0.574653
1501 -0.000573 0.574241
1551 -0.001177 0.571746
1601 -0.001271 0.570962
1651 -0.001353 0.571247
1701 -0.002577 0.575485
1751 -0.001210 0.572712
1801 -0.003187 0.574421
1851 0.001873 0.567235
1901 0.001137 0.567518
1951 -0.000402 0.560460
2001 -0.003085 0.563632
2051 -0.000494 0.554844
2101 -0.001882 0.557571
2151 0.000019 0.558468
2201 -0.001084 0.546660
2251 0.000746 0.537125
2301 0.001297 0.537689
2351 0.000566 0.535230
2401 -0.001053 0.536435
2451 0.001430 0.534157
2501 0.001612 0.528943
2551 0.000873 0.530447
2601 -0.002367 0.519779
2651 -0.003043 0.526565
2701 0.000441 0.520986
2751 0.000738 0.513090
2801 -0.001723 0.511680
2851 -0.000384 0.512902
2901 -0.003219 0.509317
2951 -0.005319 0.512154
3001 -0.002255 0.500392
3051 -0.002547 0.503107
3101 -0.001500 0.493866
3151 -0.003991 0.481185
3201 -0.000707 0.459543
3251 -0.001933 0.444152
3301 -0.001760 0.433133
3351 -0.001839 0.432582
3401 -0.001944 0.433517
3451 -0.002208 0.432325
3501 -0.004865 0.432234
3551 -0.004206 0.430472
3601 -0.005382 0.427325
3651 -0.003580 0.415908
3701 -0.002075 0.408379
3751 -0.002397 0.414783
3801 -0.001900 0.399398
3851 -0.003391 0.393384
3901 0.001859 0.373075
3951 0.001040 0.362636
4001 -0.001340 0.355170
4051 -0.003309 0.354864
4101 -0.002723 0.355991
4151 -0.007985 0.363590
4201 -0.006939 0.341289
4251 -0.004933 0.322230
4301 -0.003421 0.319792
4351 -0.005381 0.318765
4401 0.000058 0.306080
4451 0.001992 0.305919
4501 -0.001125 0.299113
4551 0.002634 0.303308
4601 -0.004098 0.295975
4651 -0.003535 0.284654
4701 -0.001715 0.280266
4751 -0.003077 0.278884
4801 -0.006737 0.279971
4851 -0.008139 0.279023
4901 -0.007659 0.281616
4951 -0.005867 0.271671
5001 -0.003091 0.264887
5051 -0.005511 0.265199
5101 -0.003491 0.257769
5151 -0.000303 0.246224
5201 -0.003312 0.240208
5251 -0.003133 0.239171
5301 -0.006465 0.248085
5351 -0.003500 0.232202
5401 -0.003408 0.230240
5451 -0.005705 0.240815
5501 -0.000844 0.225098
5551 -0.003034 0.211680
5601 -0.002791 0.208352
5651 -0.002448 0.203555
5701 0.000173 0.192710
5751 -0.002247 0.177826
5801 -0.003250 0.177545
5851 -0.002011 0.172204
5901 -0.002247 0.163456
5951 -0.004079 0.163615
6001 -0.005083 0.160825
6051 -0.006740 0.164788
6101 -0.002687 0.157762
6151 -0.000227 0.155677
6201 -0.002565 0.154200
6251 -0.003729 0.153574
6301 -0.002985 0.153053
6351 -0.005506 0.157193
6401 -0.004561 0.155597
6451 -0.004355 0.155522
6501 -0.006194 0.155271
6551 -0.005337 0.150476
6601 -0.007339 0.151201
6651 -0.000954 0.140937
6701 -0.004553 0.140749
6751 -0.004074 0.136656
6801 -0.006539 0.139069
6851 -0.006785 0.140641
6901 -0.005080 0.138533
6951 -0.007544 0.137280
7001 -0.008840 0.143138
7051 -0.006227 0.139650
7101 -0.005772 0.134098
7151 -0.004208 0.130388
7201 -0.005221 0.132895
7251 -0.005752 0.132528
7301 -0.006706 0.133881
7351 -0.007753 0.135379
7401 -0.004790 0.130401
7451 -0.005038 0.126521
7501 -0.004268 0.123271
7551 -0.008252 0.125500
7601 -0.006967 0.123968
7651 -0.004522 0.120772
7701 -0.008040 0.125907
7751 -0.005873 0.121055
7801 -0.004860 0.121051
7851 -0.004812 0.113928
7901 -0.002850 0.109775
7951 -0.005152 0.109583
8001 -0.004392 0.109345
8051 -0.007937 0.112370
8101 -0.006473 0.110018
8151 -0.005364 0.109015
8201 -0.003100 0.105449
8251 -0.002755 0.103311
8301 -0.000583 0.101538
8351 0.000082 0.102380
8401 -0.000422 0.102045
8451 -0.003704 0.101214
8501 -0.004355 0.103286
8551 -0.005485 0.102001
8601 -0.006606 0.103307
8651 -0.007065 0.105098
8701 -0.002275 0.100186
8751 -0.006052 0.099569
8801 -0.002791 0.097451
8851 -0.008016 0.101917
8901 -0.005710 0.097409
8951 -0.005496 0.098123
9001 -0.010286 0.099409
9051 -0.008457 0.097189
9101 -0.011560 0.099089
9151 -0.008881 0.096806
9201 -0.008275 0.096025
9251 -0.010186 0.096809
9301 -0.010276 0.097179
9351 -0.011199 0.100155
9401 -0.005295 0.094174
9451 -0.006070 0.092279
9501 -0.006320 0.094439
9551 -0.008533 0.096036
9601 -0.008304 0.093820
9651 -0.007058 0.094412
9701 -0.008131 0.095938
9751 -0.009482 0.097702
9801 -0.004085 0.094134
9851 -0.008316 0.095931
9901 -0.009681 0.097090
9951 -0.007201 0.090201
10001 -0.013185 0.095139
10051 -0.013445 0.095602
10101 -0.013595 0.097311
10151 -0.014198 0.097593
10201 -0.012852 0.096281
10251 -0.011635 0.093922
10301 -0.008963 0.091943
10351 -0.007964 0.089259
10401 -0.006718 0.088715
10451 -0.005758 0.090236
10501 -0.002378 0.087852
10551 -0.004404 0.090376
10601 -0.006865 0.090693
10651 -0.008874 0.092900
10701 -0.010019 0.095769
10751 -0.012487 0.097726
10801 -0.011639 0.096628
10851 -0.013336 0.099323
10901 -0.019793 0.100713
10951 -0.021480 0.104987
11001 -0.012758 0.094532
11051 -0.014511 0.094686
11101 -0.016008 0.098530
11151 -0.017264 0.100055
11201 -0.018164 0.100241
11251 -0.022668 0.105121
11301 -0.018215 0.098690
11351 -0.019694 0.099957
11401 -0.018823 0.100014
11451 -0.014483 0.093984
11501 -0.018092 0.099183
11551 -0.014280 0.095860
11601 -0.015625 0.096866
11651 -0.017703 0.096921
11701 -0.017866 0.098091
11751 -0.014483 0.096889
11801 -0.011561 0.095644
11851 -0.012083 0.094851
11901 -0.011821 0.095979
11951 -0.016706 0.097266
12001 -0.013636 0.096938
12051 -0.014366 0.095511
12101 -0.014839 0.095724
12151 -0.014649 0.096331
12201 -0.015099 0.098521
12251 -0.016254 0.099344
12301 -0.015998 0.100117
12351 -0.019554 0.103124
12401 -0.018413 0.104643
12451 -0.019642 0.106848
12501 -0.016868 0.103870
12551 -0.019400 0.104339
12601 -0.021871 0.108061
12651 -0.019188 0.105176
12701 -0.019006 0.105019
12751 -0.014562 0.101560
12801 -0.014927 0.102584
12851 -0.017404 0.105144
12901 -0.017498 0.104910
12951 -0.013490 0.102833
13001 -0.012727 0.102325
13051 -0.012507 0.103602
13101 -0.015937 0.105113
13151 -0.016681 0.105747
13201 -0.010321 0.104042
13251 -0.008185 0.100863
13301 -0.007907 0.100378
13351 -0.007689 0.102121
13401 -0.009240 0.101769
13451 -0.011470 0.104481
13501 -0.008331 0.101948
13551 -0.008949 0.104431
13601 -0.008893 0.103654
13651 -0.008149 0.104032
13701 -0.005699 0.103065
13751 -0.006461 0.102401
13801 -0.008427 0.105067
13851 -0.013057 0.106488
13901 -0.011909 0.106237
13951 -0.012155 0.105153
14001 -0.011046 0.104616
14051 -0.008198 0.102981
14101 -0.010563 0.105800
14151 -0.012926 0.106860
14201 -0.013579 0.102938
14251 -0.012964 0.102054
14301 -0.011656 0.102390
14351 -0.011468 0.103170
14401 -0.013845 0.106413
14451 -0.011027 0.103910
14501 -0.008686 0.102398
14551 -0.009436 0.102820
14601 -0.012265 0.107122
14651 -0.013701 0.107448
14701 -0.014762 0.107932
14751 -0.012825 0.106338
14801 -0.013362 0.108523
14851 -0.011233 0.106276
14901 -0.009839 0.106348
14951 -0.010979 0.107569
15001 -0.011414 0.107230
15051 -0.010685 0.107361
15101 -0.009660 0.106709
15151 -0.007880 0.107183
15201 -0.009687 0.107111
15251 -0.009842 0.105931
15301 -0.009475 0.107423
15351 -0.011603 0.107737
15401 -0.010495 0.108360
15451 -0.010738 0.108494
15501 -0.008558 0.106986
15551 -0.008827 0.108233
15601 -0.008689 0.108844
15651 -0.014414 0.111227
15701 -0.002943 0.102801
15751 -0.002799 0.103580
15801 -0.001917 0.103585
15851 -0.002162 0.104347
15901 -0.003072 0.104305
15951 -0.003177 0.106319
16001 -0.004847 0.105878
16051 -0.003658 0.106396
16101 -0.003638 0.106140
16151 -0.005397 0.107674
16201 -0.006239 0.108303
16251 -0.003771 0.107536
16301 -0.000738 0.105928
16351 -0.005716 0.106846
16401 -0.003872 0.104866
16451 -0.003046 0.106362
16501 -0.004402 0.106595
16551 -0.007053 0.108868
16601 -0.008007 0.109055
16651 -0.006788 0.109770
16701 -0.009955 0.110653
16751 -0.006974 0.107582
16801 -0.008929 0.108681
16851 -0.005119 0.107188
16901 -0.006260 0.106551
16951 -0.008979 0.109622
17001 -0.011165 0.110774
17051 -0.010109 0.109856
17101 -0.009282 0.109988
17151 -0.009130 0.109210
17201 -0.010747 0.112806
17251 -0.008889 0.109388
17301 -0.010313 0.112029
17351 -0.009959 0.112229
17401 -0.004545 0.109608
17451 -0.005410 0.110513
17501 -0.005059 0.108393
17551 -0.007703 0.110947
17601 -0.007122 0.109025
17651 -0.008279 0.111044
17701 -0.006123 0.108187
17751 -0.004771 0.108876
17801 -0.002858 0.108881
17851 -0.001559 0.109011
17901 -0.003501 0.109067
17951 -0.006031 0.111053
18001 -0.005471 0.111165
18051 -0.005467 0.108706
18101 -0.004278 0.109526
18151 -0.005424 0.109231
18201 -0.004960 0.107986
18251 -0.006715 0.109882
18301 -0.004956 0.107776
18351 -0.005365 0.107869
18401 -0.006047 0.108975
18451 -0.005178 0.108816
18501 -0.005797 0.109377
18551 -0.004049 0.109124
18601 -0.006254 0.111027
18651 -0.005024 0.110841
18701 -0.007718 0.112322
18751 -0.008377 0.111395
18801 -0.008206 0.111637
18851 -0.009006 0.112533
18901 -0.008255 0.113048
18951 -0.011277 0.117125
19001 -0.012142 0.117836
19051 -0.008829 0.114335
19101 -0.008949 0.114027
19151 -0.008717 0.113455
19201 -0.009451 0.115068
19251 -0.006026 0.113419
19301 -0.004768 0.112766
19351 -0.007523 0.114358
19401 -0.008191 0.114836
19451 -0.007423 0.113837
19501 -0.009407 0.115435
19551 -0.010342 0.116912
19601 -0.010968 0.117829
19651 -0.011959 0.120250
19701 -0.009334 0.116859
19751 -0.009512 0.116562
19801 -0.013951 0.121268
19851 -0.011483 0.118070
19901 -0.010087 0.118711
19951 -0.010173 0.118575
20001 -0.007379 0.117185
20051 -0.004783 0.116575
20101 -0.006358 0.115941
20151 -0.004676 0.116162
20201 -0.006651 0.116840
20251 -0.007576 0.117941
20301 -0.007723 0.117353
20351 -0.008396 0.119643
20401 -0.008825 0.118645
20451 -0.009348 0.118185
20501 -0.007231 0.118431
20551 -0.010217 0.119712
20601 -0.011124 0.121230
20651 -0.011989 0.122218
20701 -0.011875 0.123672
20751 -0.012801 0.123081
20801 -0.012019 0.124548
20851 -0.012935 0.124901
20901 -0.013995 0.125832
20951 -0.010871 0.123520
21001 -0.009069 0.122705
21051 -0.008745 0.121459
21101 -0.009053 0.122524
21151 -0.008886 0.122429
21201 -0.008200 0.122797
21251 -0.010652 0.122679
21301 -0.008701 0.122065
21351 -0.009252 0.123069
21401 -0.008171 0.124116
21451 -0.007466 0.123084
21501 -0.006635 0.122922
21551 -0.005780 0.122132
21601 -0.007116 0.122983
21651 -0.003651 0.120344
21701 -0.004337 0.120516
21751 -0.004374 0.121294
21801 -0.003694 0.121019
21851 -0.002582 0.120857
21901 -0.003300 0.121716
21951 -0.003759 0.121257
22001 -0.001931 0.120879
22051 -0.001876 0.121568
22101 -0.001235 0.121801
22151 -0.000043 0.121620
22201 -0.001518 0.121436
22251 -0.001976 0.122531
22301 -0.002535 0.122209
22351 -0.003894 0.122572
22401 -0.003949 0.122963
22451 -0.003793 0.122798
22501 -0.003924 0.122610
22551 -0.005907 0.122852
22601 -0.004853 0.122820
22651 -0.006640 0.124564
22701 -0.007089 0.124809
22751 -0.007971 0.125625
22801 -0.007664 0.125748
22851 -0.007171 0.126332
22901 -0.007231 0.124623
22951 -0.006274 0.125638
23001 -0.005817 0.125833
23051 -0.006864 0.125867
23101 -0.006589 0.126317
23151 -0.007319 0.124745
23201 -0.007994 0.126968
23251 -0.006519 0.124442
23301 -0.005451 0.126576
23351 -0.005699 0.125184
23401 -0.006444 0.126552
23451 -0.006828 0.126635
23501 -0.007146 0.127393
23551 -0.006790 0.127287
23601 -0.006958 0.127213
23651 -0.006388 0.126838
23701 -0.004823 0.126908
23751 -0.005197 0.126094
23801 -0.004896 0.126688
23851 -0.005526 0.126195
23901 -0.006566 0.127500
23951 -0.004839 0.126713
24001 -0.005278 0.127278
24051 -0.003613 0.124893
24101 -0.004072 0.127313
24151 -0.005310 0.127599
24201 -0.006731 0.127515
24251 -0.005541 0.127245
24301 -0.004805 0.126246
24351 -0.005252 0.127389
24401 -0.005760 0.127322
24451 -0.006360 0.128845
24501 -0.006418 0.129866
24551 -0.005675 0.128478
24601 -0.005216 0.128787
24651 -0.004598 0.128090
24701 -0.004909 0.128645
24751 -0.005643 0.128684
24801 -0.006565 0.129048
24851 -0.006998 0.129760
24901 -0.006746 0.130383
24951 -0.005124 0.128049
25001 -0.007179 0.129578
25051 -0.007920 0.130957
25101 -0.006260 0.129363
25151 -0.005944 0.128474
25201 -0.005445 0.128898
25251 -0.005729 0.129471
25301 -0.005833 0.129930
25351 -0.005637 0.129310
25401 -0.004726 0.129542
25451 -0.004571 0.128811
25501 -0.004175 0.128741
25551 -0.004211 0.129449
25601 -0.003873 0.129719
25651 -0.003855 0.129154
25701 -0.004010 0.128737
25751 -0.003946 0.129277
25801 -0.004315 0.128468
25851 -0.003683 0.129779
25901 -0.002654 0.128005
25951 -0.003674 0.128445
26001 -0.003225 0.130183
26051 -0.003128 0.128951
26101 -0.002640 0.129853
26151 -0.003014 0.129751
26201 -0.002501 0.129241
26251 -0.002677 0.128552
26301 -0.002558 0.130177
26351 -0.005854 0.130850
26401 -0.005849 0.131767
26451 -0.004953 0.131022
26501 -0.003731 0.128952
26551 -0.003156 0.129812
26601 -0.002856 0.130549
26651 -0.003492 0.129349
26701 -0.003760 0.130887
26751 -0.003447 0.130706
26801 -0.003623 0.129352
26851 -0.003310 0.130504
26901 -0.003151 0.129146
26951 -0.003747 0.130541
27001 -0.003404 0.130128
27051 -0.002828 0.130401
27101 -0.003035 0.130597
27151 -0.002955 0.130141
27201 -0.002565 0.131379
27251 -0.002707 0.131204
27301 -0.002655 0.131641
27351 -0.002968 0.131450
27401 -0.002528 0.129426
27451 -0.001905 0.129894
27501 -0.002311 0.129839
27551 -0.002170 0.130379
27601 -0.002234 0.130426
27651 -0.001927 0.131287
27701 -0.001776 0.131312
27751 -0.001827 0.131530
27801 -0.001517 0.131751
27851 -0.001168 0.131742
27901 -0.002156 0.131064
27951 -0.001692 0.131337
28001 -0.002674 0.132354
28051 -0.002549 0.131858
28101 -0.002839 0.132280
28151 -0.002893 0.131122
28201 -0.002834 0.132210
28251 -0.002662 0.132121
28301 -0.002283 0.132417
28351 -0.002617 0.132424
28401 -0.002712 0.132887
28451 -0.002004 0.132792
28501 -0.001619 0.132191
28551 -0.001262 0.131802
28601 -0.002154 0.131791
28651 -0.003070 0.132501
28701 -0.002130 0.133589
28751 -0.002468 0.132908
28801 -0.002368 0.132877
28851 -0.001829 0.131629
28901 -0.001621 0.132117
28951 -0.001957 0.133650
29001 -0.002799 0.131704
29051 -0.002511 0.132823
29101 -0.002358 0.132731
29151 -0.003003 0.133256
29201 -0.003347 0.134019
29251 -0.003954 0.132779
29301 -0.003957 0.134473
29351 -0.002821 0.132207
