1 0.000000 0.505051
51 -0.000066 0.503431
101 0.003885 0.535436
151 0.011078 0.612627
201 0.021833 0.708419
251 0.034846 0.787608
301 0.042924 0.822481
351 0.045887 0.833071
401 0.046531 0.835357
451 0.047392 0.836507
501 0.048860 0.840559
551 0.050754 0.844287
601 0.051888 0.847231
651 0.053959 0.848725
701 0.055933 0.852770
751 0.057392 0.855935
801 0.059424 0.860572
851 0.060777 0.861670
901 0.062644 0.865055
951 0.064665 0.867068
1001 0.066477 0.866767
1051 0.068352 0.869713
1101 0.069724 0.874197
1151 0.071458 0.872915
1201 0.073051 0.874630
1251 0.074544 0.874999
1301 0.076528 0.878383
1351 0.078527 0.881810
1401 0.079970 0.883350
1451 0.081621 0.884111
1501 0.083237 0.886875
1551 0.084763 0.889472
1601 0.086349 0.892963
1651 0.087943 0.894300
1701 0.088844 0.897868
1751 0.090566 0.899721
1801 0.091488 0.900704
1851 0.092281 0.897118
1901 0.093892 0.902786
1951 0.095203 0.897468
2001 0.096201 0.896978
2051 0.097191 0.898648
2101 0.097864 0.893329
2151 0.099022 0.893234
2201 0.100943 0.892512
2251 0.101862 0.874723
2301 0.103098 0.870487
2351 0.104647 0.885669
2401 0.106381 0.864309
2451 0.107792 0.837118
2501 0.108431 0.854682
2551 0.110269 0.847059
2601 0.111792 0.857148
2651 0.112565 0.838912
2701 0.112740 0.821053
2751 0.114163 0.836776
2801 0.114531 0.813630
2851 0.116299 0.803654
2901 0.116893 0.782978
2951 0.120197 0.823628
3001 0.120544 0.809138
3051 0.119896 0.780931
3101 0.119644 0.759656
3151 0.119147 0.738311
3201 0.118169 0.713592
3251 0.119214 0.717689
3301 0.120238 0.720553
3351 0.120122 0.720430
3401 0.120498 0.726940
3451 0.119938 0.695690
3501 0.120367 0.683488
3551 0.122117 0.688024
3601 0.121534 0.677048
3651 0.124603 0.686117
3701 0.124447 0.687301
3751 0.124241 0.674998
3801 0.125912 0.675741
3851 0.126113 0.682248
3901 0.126776 0.666822
3951 0.127208 0.658298
4001 0.127675 0.653727
4051 0.126303 0.612599
4101 0.124282 0.583507
4151 0.126374 0.583872
4201 0.125794 0.574044
4251 0.126636 0.578175
4301 0.126109 0.562159
4351 0.126059 0.547204
4401 0.127798 0.553655
4451 0.128149 0.563492
4501 0.129511 0.571394
4551 0.129882 0.561421
4601 0.128627 0.542020
4651 0.132199 0.541631
4701 0.131797 0.511675
4751 0.134525 0.528799
4801 0.134995 0.522552
4851 0.137518 0.523245
4901 0.138388 0.517581
4951 0.136822 0.502738
5001 0.139385 0.510894
5051 0.143032 0.514803
5101 0.142527 0.503204
5151 0.144052 0.506225
5201 0.143939 0.502233
5251 0.141512 0.493258
5301 0.138782 0.490868
5351 0.141955 0.487206
5401 0.145192 0.483243
5451 0.143501 0.483509
5501 0.141613 0.472500
5551 0.145270 0.469018
5601 0.146284 0.474169
5651 0.146155 0.475617
5701 0.149937 0.477599
5751 0.151638 0.476460
5801 0.151052 0.467389
5851 0.150232 0.461159
5901 0.150474 0.451458
5951 0.153034 0.455221
6001 0.155817 0.456696
6051 0.155372 0.456065
6101 0.158063 0.452154
6151 0.158571 0.451350
6201 0.155945 0.446245
6251 0.154869 0.438035
6301 0.156532 0.435144
6351 0.157529 0.436024
6401 0.156616 0.432170
6451 0.159202 0.435766
6501 0.158191 0.430255
6551 0.155804 0.423004
6601 0.150710 0.415318
6651 0.155725 0.421783
6701 0.154796 0.422697
6751 0.155038 0.414840
6801 0.153504 0.415444
6851 0.155357 0.410590
6901 0.160417 0.417609
6951 0.161639 0.414826
7001 0.158665 0.410996
7051 0.158013 0.413272
7101 0.156763 0.411957
7151 0.152681 0.404114
7201 0.155683 0.404669
7251 0.153317 0.401343
7301 0.152727 0.399158
7351 0.148759 0.388927
7401 0.151493 0.392357
7451 0.149548 0.396032
7501 0.148534 0.389013
7551 0.145780 0.381352
7601 0.149649 0.386854
7651 0.147936 0.381903
7701 0.149601 0.385261
7751 0.150148 0.384993
7801 0.147591 0.379589
7851 0.149150 0.384332
7901 0.149470 0.382861
7951 0.148163 0.378171
8001 0.146027 0.372434
8051 0.147133 0.376303
8101 0.151758 0.381169
8151 0.151383 0.375436
8201 0.150924 0.374993
8251 0.152378 0.379414
8301 0.151872 0.377238
8351 0.151665 0.371573
8401 0.147683 0.365586
8451 0.146665 0.364286
8501 0.148374 0.368002
8551 0.143192 0.358116
8601 0.144517 0.353509
8651 0.148778 0.363077
8701 0.144786 0.353233
8751 0.143177 0.350372
8801 0.141757 0.344863
8851 0.147695 0.361417
8901 0.144444 0.355030
8951 0.143877 0.352116
9001 0.144721 0.352165
9051 0.143556 0.348986
9101 0.145166 0.348520
9151 0.146549 0.354477
9201 0.150459 0.360452
9251 0.146835 0.349635
9301 0.151012 0.358092
9351 0.148458 0.354656
9401 0.148479 0.355084
9451 0.145660 0.346441
9501 0.141737 0.334041
9551 0.144477 0.338292
9601 0.147670 0.345006
9651 0.144610 0.340785
9701 0.146030 0.343687
9751 0.142114 0.331267
9801 0.146122 0.338919
9851 0.144697 0.334817
9901 0.142097 0.332762
9951 0.144532 0.331192
10001 0.147419 0.333623
10051 0.143232 0.321013
10101 0.147647 0.335023
10151 0.145448 0.324234
10201 0.145186 0.323511
10251 0.142706 0.316780
10301 0.142808 0.314259
10351 0.143563 0.315014
10401 0.144992 0.319403
10451 0.145407 0.312745
10501 0.147800 0.322925
10551 0.147142 0.324183
10601 0.144575 0.313018
10651 0.141201 0.305370
10701 0.143692 0.309157
10751 0.143649 0.311362
10801 0.148622 0.320258
10851 0.141870 0.300605
10901 0.145565 0.309887
10951 0.142039 0.300968
11001 0.144569 0.306093
11051 0.142453 0.306374
11101 0.143984 0.306497
11151 0.143751 0.303423
11201 0.147679 0.307935
11251 0.144379 0.293701
11301 0.143899 0.294383
11351 0.145554 0.301913
11401 0.149651 0.305166
11451 0.149358 0.298551
11501 0.146765 0.298471
11551 0.146109 0.287618
11601 0.144588 0.290211
11651 0.145116 0.291133
11701 0.141731 0.282105
11751 0.138309 0.278274
11801 0.138766 0.277944
11851 0.141113 0.285112
11901 0.146876 0.295387
11951 0.149044 0.295258
12001 0.146431 0.291606
12051 0.142307 0.279678
12101 0.141569 0.273676
12151 0.139096 0.267414
12201 0.139267 0.270422
12251 0.143968 0.278095
12301 0.142471 0.271229
12351 0.140721 0.268045
12401 0.144528 0.280950
12451 0.143170 0.274919
12501 0.140681 0.271386
12551 0.148477 0.292732
12601 0.144288 0.283833
12651 0.143853 0.279831
12701 0.146210 0.281575
12751 0.144465 0.277575
12801 0.137591 0.259572
12851 0.141216 0.268503
12901 0.140229 0.270692
12951 0.139677 0.266080
13001 0.141384 0.269844
13051 0.140405 0.267306
13101 0.141263 0.268565
13151 0.139378 0.263902
13201 0.139642 0.263838
13251 0.137920 0.263942
13301 0.143934 0.269520
13351 0.139725 0.261378
13401 0.140878 0.264443
13451 0.140628 0.263543
13501 0.136022 0.253157
13551 0.146723 0.275334
13601 0.144381 0.272759
13651 0.142067 0.266899
13701 0.138961 0.257894
13751 0.135836 0.252440
13801 0.135805 0.253613
13851 0.139409 0.259793
13901 0.138929 0.258454
13951 0.143045 0.269380
14001 0.139769 0.255513
14051 0.141158 0.261076
14101 0.141246 0.266029
14151 0.135402 0.248474
14201 0.134090 0.243153
14251 0.133471 0.243860
14301 0.136062 0.254352
14351 0.134397 0.244599
14401 0.142663 0.263316
14451 0.135254 0.248652
14501 0.135601 0.246676
14551 0.136908 0.244750
14601 0.133904 0.241021
14651 0.131746 0.235912
14701 0.134284 0.243196
14751 0.135104 0.243077
14801 0.134128 0.241410
14851 0.137052 0.251284
14901 0.140805 0.256320
14951 0.135692 0.242817
15001 0.133150 0.240166
15051 0.133348 0.239002
15101 0.128548 0.231275
15151 0.131845 0.236797
15201 0.129068 0.232950
15251 0.130085 0.238040
15301 0.131126 0.234989
15351 0.131203 0.236982
15401 0.128450 0.233851
15451 0.128398 0.231221
15501 0.127503 0.230805
15551 0.126530 0.228740
15601 0.127084 0.231275
15651 0.128220 0.232367
15701 0.128096 0.234548
15751 0.127548 0.232344
15801 0.127597 0.232686
15851 0.128952 0.235421
15901 0.128608 0.232068
15951 0.128357 0.230625
16001 0.129605 0.235098
16051 0.129011 0.232085
16101 0.130353 0.232827
16151 0.128628 0.234632
16201 0.124950 0.226417
16251 0.125829 0.226942
16301 0.129016 0.231659
16351 0.127367 0.233008
16401 0.126397 0.227241
16451 0.127207 0.232529
16501 0.127257 0.230404
16551 0.125677 0.230385
16601 0.122197 0.227628
16651 0.121470 0.224007
16701 0.124395 0.229174
16751 0.124187 0.230295
16801 0.123013 0.229391
16851 0.121795 0.226872
16901 0.121139 0.223718
16951 0.122762 0.228304
17001 0.120357 0.222815
17051 0.122118 0.228205
17101 0.121482 0.225309
17151 0.124617 0.234529
17201 0.122278 0.228151
17251 0.121769 0.228047
17301 0.123328 0.228988
17351 0.120756 0.225568
17401 0.122304 0.228735
17451 0.125084 0.229949
17501 0.121947 0.227537
17551 0.119593 0.222675
17601 0.119854 0.226701
17651 0.122233 0.229932
17701 0.122622 0.228360
17751 0.124424 0.229829
17801 0.121688 0.230944
17851 0.121509 0.230052
17901 0.116874 0.219349
17951 0.119222 0.224375
18001 0.118937 0.226834
18051 0.118510 0.225752
18101 0.120184 0.229288
18151 0.119575 0.226433
18201 0.116582 0.225430
18251 0.113942 0.223108
18301 0.114844 0.219745
18351 0.117291 0.227656
18401 0.117383 0.225531
18451 0.117306 0.225419
18501 0.116198 0.227032
18551 0.115645 0.221546
18601 0.113419 0.218128
18651 0.112686 0.219718
18701 0.113400 0.223910
18751 0.113357 0.224322
18801 0.113081 0.221745
18851 0.114378 0.224245
18901 0.111352 0.218835
18951 0.112901 0.223297
19001 0.113523 0.219907
19051 0.113192 0.219523
19101 0.112350 0.220723
19151 0.115115 0.220483
19201 0.116456 0.222615
19251 0.115726 0.222149
19301 0.114130 0.218291
19351 0.113064 0.220857
19401 0.115444 0.222416
19451 0.113959 0.220708
19501 0.111352 0.215680
19551 0.112531 0.218157
19601 0.112506 0.217349
19651 0.111685 0.220796
19701 0.111175 0.216326
19751 0.113212 0.219721
19801 0.112840 0.220292
19851 0.113210 0.217633
19901 0.112546 0.218684
19951 0.112040 0.219617
20001 0.110303 0.219292
20051 0.110281 0.216972
20101 0.108661 0.212353
20151 0.110491 0.219096
20201 0.111618 0.218960
20251 0.110554 0.212928
20301 0.111614 0.216179
20351 0.112274 0.217977
20401 0.109468 0.218410
20451 0.110751 0.215192
20501 0.108978 0.214172
20551 0.108429 0.217115
20601 0.107870 0.214383
20651 0.107500 0.214025
20701 0.107803 0.218994
20751 0.108724 0.216642
20801 0.104984 0.213517
20851 0.107761 0.217010
20901 0.106951 0.214972
20951 0.105927 0.213402
21001 0.105910 0.215210
21051 0.106092 0.214146
21101 0.107184 0.214167
21151 0.107461 0.214465
21201 0.105220 0.209934
21251 0.106739 0.215225
21301 0.105518 0.213498
21351 0.107003 0.213415
21401 0.106437 0.213044
21451 0.107474 0.211603
21501 0.105959 0.213521
21551 0.105552 0.214150
21601 0.105174 0.210897
21651 0.107057 0.214474
21701 0.106254 0.215418
21751 0.105938 0.215594
21801 0.105987 0.217122
21851 0.104771 0.214694
21901 0.104315 0.211702
21951 0.105417 0.216214
22001 0.104483 0.210344
22051 0.103158 0.212465
22101 0.102766 0.214018
22151 0.101406 0.209426
22201 0.101666 0.211587
22251 0.101592 0.211869
22301 0.103407 0.214006
22351 0.102951 0.213673
22401 0.102925 0.214447
22451 0.101563 0.209501
22501 0.102866 0.211159
22551 0.101753 0.212830
22601 0.102317 0.211198
22651 0.103754 0.216923
22701 0.104009 0.214704
22751 0.102650 0.213399
22801 0.102405 0.213593
22851 0.103250 0.215305
22901 0.102862 0.213841
22951 0.102178 0.211446
23001 0.100363 0.209187
23051 0.101263 0.209820
23101 0.102897 0.212672
23151 0.101468 0.212611
23201 0.101020 0.211565
23251 0.101008 0.209725
23301 0.100765 0.212514
23351 0.100627 0.213862
23401 0.100583 0.214737
23451 0.100396 0.213354
23501 0.099905 0.213028
23551 0.099679 0.216236
23601 0.099859 0.211545
23651 0.098751 0.210518
23701 0.099596 0.210136
23751 0.098943 0.210813
23801 0.099206 0.213174
23851 0.099714 0.214218
23901 0.100534 0.212825
23951 0.097853 0.211601
24001 0.098220 0.211586
24051 0.098294 0.212536
24101 0.097662 0.210938
24151 0.099003 0.212815
24201 0.099047 0.212866
24251 0.098983 0.214181
24301 0.098836 0.215657
24351 0.099080 0.211688
24401 0.098363 0.214718
24451 0.098283 0.214057
24501 0.098477 0.215667
24551 0.098827 0.212984
24601 0.097668 0.207890
24651 0.098390 0.211921
24701 0.097965 0.211920
24751 0.097622 0.212456
24801 0.097150 0.212486
24851 0.096650 0.213897
24901 0.097224 0.212750
24951 0.097757 0.212088
25001 0.097808 0.211528
25051 0.097951 0.213866
25101 0.096803 0.211351
25151 0.097438 0.211638
25201 0.097045 0.211003
25251 0.096390 0.213177
25301 0.096900 0.213959
25351 0.095974 0.212270
25401 0.096060 0.214766
25451 0.096430 0.213980
25501 0.095800 0.214271
25551 0.096137 0.210931
25601 0.096018 0.211848
25651 0.095176 0.209881
25701 0.095749 0.212971
25751 0.095176 0.210244
25801 0.095760 0.212529
25851 0.096141 0.209810
25901 0.096664 0.212560
25951 0.095957 0.211133
26001 0.095218 0.213130
26051 0.095102 0.211065
26101 0.095384 0.212107
26151 0.095498 0.215151
26201 0.095764 0.213707
26251 0.094756 0.210484
26301 0.096133 0.212903
26351 0.096427 0.215366
26401 0.095046 0.210627
26451 0.095341 0.212728
26501 0.095126 0.210411
26551 0.095719 0.213056
26601 0.095903 0.212975
26651 0.094809 0.210839
26701 0.094856 0.209102
26751 0.094475 0.211689
26801 0.094655 0.213054
26851 0.093998 0.207645
26901 0.093777 0.209713
26951 0.094358 0.210832
27001 0.092995 0.207292
27051 0.093009 0.211711
27101 0.093676 0.209604
27151 0.093681 0.211291
27201 0.093768 0.211767
27251 0.094282 0.213769
27301 0.093982 0.210753
27351 0.093202 0.208940
27401 0.092810 0.208076
27451 0.092753 0.211572
27501 0.092947 0.211812
27551 0.092789 0.212985
27601 0.092837 0.210294
27651 0.093004 0.210966
27701 0.093032 0.208775
27751 0.091939 0.208974
27801 0.092795 0.211556
27851 0.092449 0.211458
27901 0.092184 0.213294
27951 0.092043 0.208074
28001 0.091908 0.211758
28051 0.092008 0.209768
28101 0.092533 0.212293
28151 0.092175 0.208255
28201 0.093331 0.209833
28251 0.092953 0.212910
28301 0.092843 0.213407
28351 0.093118 0.209432
28401 0.093806 0.211291
28451 0.092821 0.212985
28501 0.092715 0.211258
28551 0.092432 0.210084
28601 0.092425 0.209554
28651 0.091531 0.210895
28701 0.092482 0.213998
28751 0.092753 0.209862
28801 0.091598 0.212185
28851 0.091831 0.212719
28901 0.091727 0.211005
28951 0.092238 0.212406
29001 0.091686 0.209897
29051 0.091620 0.211417
29101 0.090692 0.209726
29151 0.091344 0.209835
29201 0.092493 0.211706
29251 0.091929 0.214838
29301 0.091869 0.212592
29351 0.091850 0.210230
