1 0.000000 0.520348
51 0.000411 0.522433
101 0.004803 0.557611
151 0.010726 0.616387
201 0.019982 0.694579
251 0.034501 0.771728
301 0.050410 0.835264
351 0.052655 0.838460
401 0.050431 0.822580
451 0.048731 0.816307
501 0.047561 0.813612
551 0.045362 0.803040
601 0.042254 0.762888
651 0.039668 0.727065
701 0.038647 0.720099
751 0.038138 0.715587
801 0.036873 0.709554
851 0.035110 0.696606
901 0.034980 0.694185
951 0.034003 0.688068
1001 0.033005 0.685696
1051 0.032965 0.683921
1101 0.032742 0.681609
1151 0.032261 0.680207
1201 0.031623 0.677080
1251 0.032162 0.679268
1301 0.031412 0.678109
1351 0.031320 0.673064
1401 0.030371 0.670277
1451 0.030592 0.679147
1501 0.030333 0.675539
1551 0.030423 0.669439
1601 0.031067 0.677540
1651 0.029234 0.669907
1701 0.027891 0.670921
1751 0.027154 0.665674
1801 0.026139 0.668266
1851 0.024798 0.657709
1901 0.026199 0.668077
1951 0.026858 0.671394
2001 0.029100 0.670819
2051 0.030161 0.675710
2101 0.030041 0.674284
2151 0.029308 0.682571
2201 0.029174 0.673781
2251 0.028837 0.674031
2301 0.032188 0.685153
2351 0.028730 0.673809
2401 0.033507 0.683775
2451 0.032786 0.678693
2501 0.037321 0.687823
2551 0.036194 0.680412
2601 0.035481 0.685499
2651 0.030372 0.665663
2701 0.031971 0.672896
2751 0.031197 0.668033
2801 0.030635 0.661257
2851 0.027341 0.653968
2901 0.031826 0.660636
2951 0.034762 0.667019
3001 0.029668 0.638008
3051 0.034273 0.648913
3101 0.031072 0.630759
3151 0.031796 0.631137
3201 0.031872 0.625644
3251 0.033163 0.620388
3301 0.035947 0.624783
3351 0.035599 0.617177
3401 0.036922 0.613317
3451 0.037888 0.615244
3501 0.038868 0.608208
3551 0.036255 0.598911
3601 0.037826 0.595399
3651 0.035385 0.594084
3701 0.035948 0.586790
3751 0.040076 0.590111
3801 0.038856 0.578771
3851 0.038966 0.567486
3901 0.038405 0.561154
3951 0.043638 0.577492
4001 0.042687 0.565947
4051 0.042004 0.558969
4101 0.039803 0.557710
4151 0.041202 0.549543
4201 0.040659 0.539868
4251 0.038295 0.520242
4301 0.044296 0.548019
4351 0.044064 0.547978
4401 0.044548 0.525179
4451 0.044136 0.522672
4501 0.045162 0.532965
4551 0.043079 0.529389
4601 0.042322 0.526183
4651 0.039759 0.518242
4701 0.041118 0.518609
4751 0.046638 0.542528
4801 0.045044 0.526591
4851 0.045471 0.534038
4901 0.041093 0.507536
4951 0.043463 0.519549
5001 0.041926 0.517450
5051 0.037612 0.506256
5101 0.038558 0.501505
5151 0.033019 0.489048
5201 0.034183 0.485753
5251 0.033357 0.487111
5301 0.035124 0.496472
5351 0.041066 0.508295
5401 0.037187 0.494208
5451 0.041864 0.502153
5501 0.033256 0.476269
5551 0.045971 0.514337
5601 0.042541 0.504731
5651 0.037150 0.483877
5701 0.037114 0.478338
5751 0.038639 0.483925
5801 0.039634 0.483961
5851 0.035983 0.469614
5901 0.032670 0.454235
5951 0.030933 0.451829
6001 0.036895 0.470123
6051 0.037989 0.468503
6101 0.034251 0.452754
6151 0.043755 0.471580
6201 0.033106 0.440110
6251 0.032754 0.439021
6301 0.040397 0.453272
6351 0.038229 0.447273
6401 0.038589 0.439818
6451 0.043315 0.446702
6501 0.035343 0.429982
6551 0.036804 0.436721
6601 0.035199 0.431190
6651 0.041216 0.437014
6701 0.038589 0.433356
6751 0.040418 0.437789
6801 0.032722 0.424551
6851 0.041906 0.440602
6901 0.037366 0.430264
6951 0.039700 0.431324
7001 0.039293 0.435059
7051 0.036920 0.424944
7101 0.029698 0.411272
7151 0.043126 0.438607
7201 0.033272 0.414696
7251 0.036339 0.422190
7301 0.039461 0.430899
7351 0.039629 0.426961
7401 0.036665 0.421396
7451 0.039036 0.422358
7501 0.030572 0.412486
7551 0.032387 0.412669
7601 0.033859 0.415343
7651 0.030266 0.406221
7701 0.035613 0.416827
7751 0.039886 0.418601
7801 0.037208 0.415469
7851 0.029895 0.409436
7901 0.032062 0.412038
7951 0.022838 0.395375
8001 0.020495 0.394696
8051 0.025667 0.400714
8101 0.028372 0.408139
8151 0.030031 0.410083
8201 0.031593 0.408126
8251 0.029445 0.405022
8301 0.033429 0.407643
8351 0.036874 0.420007
8401 0.032969 0.405927
8451 0.030613 0.404329
8501 0.022299 0.394147
8551 0.028692 0.401482
8601 0.026466 0.394599
8651 0.033436 0.408606
8701 0.032419 0.409059
8751 0.027880 0.396240
8801 0.033085 0.407086
8851 0.031482 0.402678
8901 0.042042 0.422332
8951 0.043142 0.419443
9001 0.032700 0.396160
9051 0.032662 0.398653
9101 0.042124 0.417585
9151 0.036902 0.404493
9201 0.033394 0.392647
9251 0.044135 0.416597
9301 0.036626 0.398802
9351 0.030676 0.388186
9401 0.026642 0.378805
9451 0.026362 0.377611
9501 0.036293 0.394056
9551 0.035559 0.391254
9601 0.032370 0.385361
9651 0.029792 0.378477
9701 0.033747 0.383881
9751 0.030967 0.379107
9801 0.036205 0.389505
9851 0.027223 0.368020
9901 0.023307 0.360210
9951 0.025079 0.363336
10001 0.026658 0.366969
10051 0.035981 0.384374
10101 0.033011 0.378675
10151 0.027484 0.363565
10201 0.039395 0.387356
10251 0.037734 0.375891
10301 0.026622 0.353213
10351 0.028176 0.357508
10401 0.027912 0.352497
10451 0.035880 0.367391
10501 0.040166 0.382300
10551 0.033889 0.362275
10601 0.033069 0.359634
10651 0.029478 0.351354
10701 0.032430 0.356146
10751 0.032380 0.360176
10801 0.028967 0.345713
10851 0.033760 0.359558
10901 0.042572 0.384118
10951 0.033155 0.356764
11001 0.039365 0.375545
11051 0.034423 0.359320
11101 0.029709 0.344771
11151 0.029696 0.342798
11201 0.029301 0.341424
11251 0.028158 0.338992
11301 0.027611 0.341550
11351 0.030548 0.349324
11401 0.024449 0.333996
11451 0.031386 0.339554
11501 0.029679 0.332074
11551 0.028858 0.327270
11601 0.031472 0.331475
11651 0.028546 0.329868
11701 0.022556 0.314502
11751 0.036033 0.348590
11801 0.029382 0.320503
11851 0.028102 0.315416
11901 0.024624 0.301842
11951 0.024612 0.300072
12001 0.034319 0.332298
12051 0.035041 0.339708
12101 0.038147 0.339043
12151 0.039977 0.344007
12201 0.028647 0.307249
12251 0.033594 0.326116
12301 0.030928 0.320033
12351 0.024153 0.296916
12401 0.027104 0.302495
12451 0.029775 0.308749
12501 0.025957 0.296635
12551 0.029958 0.310293
12601 0.033648 0.317089
12651 0.033094 0.313089
12701 0.027934 0.295310
12751 0.029385 0.296220
12801 0.029193 0.293160
12851 0.024625 0.280740
12901 0.030780 0.299718
12951 0.026324 0.286225
13001 0.027503 0.287803
13051 0.028662 0.291612
13101 0.028516 0.289517
13151 0.036449 0.308869
13201 0.029853 0.286354
13251 0.028706 0.285595
13301 0.031252 0.287876
13351 0.029449 0.281507
13401 0.023095 0.271126
13451 0.033452 0.295952
13501 0.034402 0.305345
13551 0.031469 0.292060
13601 0.023353 0.268311
13651 0.031560 0.283956
13701 0.032100 0.288005
13751 0.037648 0.304617
13801 0.030621 0.283378
13851 0.028530 0.278263
13901 0.031286 0.286743
13951 0.032355 0.279958
14001 0.030173 0.275337
14051 0.031609 0.276714
14101 0.023853 0.257235
14151 0.030495 0.270228
14201 0.027471 0.260205
14251 0.025634 0.258246
14301 0.023548 0.257969
14351 0.028369 0.264345
14401 0.036598 0.286350
14451 0.032165 0.272043
14501 0.032696 0.275840
14551 0.026849 0.261941
14601 0.024110 0.252586
14651 0.037350 0.290307
14701 0.029620 0.261134
14751 0.030748 0.267056
14801 0.032041 0.264332
14851 0.026323 0.254056
14901 0.028011 0.256454
14951 0.030721 0.258496
15001 0.030092 0.259353
15051 0.030947 0.259338
15101 0.029532 0.256774
15151 0.025117 0.251646
15201 0.029113 0.257823
15251 0.026659 0.248397
15301 0.024526 0.244035
15351 0.025086 0.248069
15401 0.024076 0.245703
15451 0.021681 0.241554
15501 0.026390 0.248400
15551 0.031519 0.254751
15601 0.026709 0.247634
15651 0.022995 0.240166
15701 0.029607 0.250646
15751 0.029767 0.251038
15801 0.027351 0.242318
15851 0.027636 0.247669
15901 0.024833 0.235036
15951 0.027149 0.242135
16001 0.035857 0.261523
16051 0.025993 0.237179
16101 0.029473 0.252979
16151 0.029542 0.246986
16201 0.029022 0.242295
16251 0.028011 0.235292
16301 0.031635 0.248177
16351 0.028084 0.241570
16401 0.029055 0.242026
16451 0.028378 0.243571
16501 0.030569 0.245519
16551 0.028733 0.244263
16601 0.027864 0.242817
16651 0.026748 0.237489
16701 0.027193 0.244718
16751 0.021961 0.232318
16801 0.030311 0.243573
16851 0.030898 0.246218
16901 0.031465 0.248787
16951 0.028987 0.240737
17001 0.026821 0.233807
17051 0.029787 0.238805
17101 0.027260 0.235218
17151 0.032729 0.245941
17201 0.030250 0.237109
17251 0.025068 0.233068
17301 0.033291 0.243796
17351 0.027759 0.232376
17401 0.028735 0.232681
17451 0.026202 0.234291
17501 0.026433 0.230521
17551 0.025948 0.229441
17601 0.024722 0.228140
17651 0.019109 0.222741
17701 0.021288 0.227505
17751 0.021712 0.227924
17801 0.019951 0.222578
17851 0.023283 0.226268
17901 0.020137 0.223867
17951 0.023103 0.227740
18001 0.020131 0.223762
18051 0.019203 0.221068
18101 0.026991 0.233828
18151 0.027641 0.234267
18201 0.023626 0.224916
18251 0.020740 0.220631
18301 0.023703 0.224490
18351 0.023319 0.224210
18401 0.022549 0.219124
18451 0.019349 0.216729
18501 0.021532 0.218011
18551 0.019483 0.214759
18601 0.022776 0.220352
18651 0.020496 0.218480
18701 0.018429 0.214694
18751 0.019648 0.216810
18801 0.019092 0.218693
18851 0.018742 0.217587
18901 0.020181 0.222530
18951 0.017453 0.213456
19001 0.019442 0.219466
19051 0.019468 0.219338
19101 0.023382 0.224817
19151 0.020908 0.216117
19201 0.018997 0.214284
19251 0.021073 0.218640
19301 0.020119 0.216129
19351 0.020106 0.216066
19401 0.021316 0.218279
19451 0.025582 0.225864
19501 0.028288 0.231750
19551 0.022746 0.215455
19601 0.023845 0.216238
19651 0.024383 0.216808
19701 0.026050 0.218274
19751 0.024770 0.218985
19801 0.024776 0.217326
19851 0.021933 0.217150
19901 0.025920 0.221787
19951 0.022391 0.215832
20001 0.022682 0.217392
20051 0.021865 0.215682
20101 0.022887 0.217736
20151 0.023495 0.221360
20201 0.023275 0.217284
20251 0.022839 0.216551
20301 0.024152 0.222231
20351 0.022272 0.217787
20401 0.020444 0.215323
20451 0.019018 0.212696
20501 0.019913 0.210193
20551 0.022574 0.218445
20601 0.024489 0.219083
20651 0.023082 0.216090
20701 0.019711 0.213561
20751 0.023327 0.221633
20801 0.023979 0.218488
20851 0.021749 0.218823
20901 0.022313 0.218419
20951 0.023099 0.217894
21001 0.024737 0.220997
21051 0.023173 0.217080
21101 0.027111 0.227342
21151 0.026023 0.222626
21201 0.021979 0.216349
21251 0.021650 0.214110
21301 0.020506 0.216004
21351 0.020639 0.215691
21401 0.020074 0.215654
21451 0.021098 0.217432
21501 0.023972 0.223806
21551 0.021590 0.218659
21601 0.021151 0.220640
21651 0.021358 0.221776
21701 0.020552 0.216642
21751 0.018785 0.215604
21801 0.020390 0.214283
21851 0.018877 0.217262
21901 0.018083 0.212648
21951 0.019966 0.216863
22001 0.018842 0.212241
22051 0.017408 0.212876
22101 0.016737 0.211013
22151 0.017185 0.213216
22201 0.018910 0.214401
22251 0.018692 0.216887
22301 0.018598 0.219524
22351 0.018266 0.212756
22401 0.017864 0.215579
22451 0.017455 0.212122
22501 0.018199 0.214227
22551 0.016878 0.211044
22601 0.017081 0.214272
22651 0.019577 0.214123
22701 0.018595 0.216060
22751 0.018441 0.214854
22801 0.017955 0.213961
22851 0.020377 0.218092
22901 0.018838 0.218951
22951 0.019898 0.214911
23001 0.018970 0.213622
23051 0.018345 0.216418
23101 0.017471 0.215202
23151 0.017000 0.215972
23201 0.015551 0.209745
23251 0.016079 0.212834
23301 0.015082 0.210210
23351 0.015622 0.213136
23401 0.015445 0.210333
23451 0.016918 0.215107
23501 0.017977 0.214597
23551 0.016731 0.212360
23601 0.018351 0.216969
23651 0.017577 0.215565
23701 0.017359 0.211827
23751 0.018286 0.213738
23801 0.017225 0.210190
23851 0.016927 0.213878
23901 0.017532 0.212334
23951 0.017508 0.213483
24001 0.016443 0.211416
24051 0.016611 0.213669
24101 0.015916 0.212792
24151 0.015713 0.213584
24201 0.015448 0.211548
24251 0.014677 0.212968
24301 0.015708 0.215195
24351 0.016177 0.214060
24401 0.015317 0.214041
24451 0.015389 0.214252
24501 0.015150 0.213905
24551 0.015601 0.219117
24601 0.014922 0.212826
24651 0.016086 0.213768
24701 0.015862 0.213728
24751 0.015931 0.213296
24801 0.016495 0.216604
24851 0.017531 0.219478
24901 0.015887 0.212041
24951 0.016336 0.216865
25001 0.016885 0.213014
25051 0.016086 0.214657
25101 0.016055 0.213570
25151 0.014977 0.211694
25201 0.016172 0.214354
25251 0.017416 0.218485
25301 0.015030 0.213402
25351 0.015876 0.212509
25401 0.014765 0.212031
25451 0.015822 0.216366
25501 0.015321 0.210454
25551 0.016567 0.217174
25601 0.015333 0.214793
25651 0.015210 0.210194
25701 0.016174 0.212934
25751 0.016148 0.213407
25801 0.017204 0.217191
25851 0.014959 0.212764
25901 0.014784 0.215498
25951 0.015186 0.211354
26001 0.014505 0.215102
26051 0.014401 0.211789
26101 0.015418 0.216748
26151 0.015332 0.214425
26201 0.015274 0.212523
26251 0.015255 0.216545
26301 0.016214 0.211829
26351 0.014735 0.218422
26401 0.014954 0.214596
26451 0.015448 0.212326
26501 0.016200 0.213857
26551 0.016449 0.213754
26601 0.016592 0.219059
26651 0.015900 0.219671
26701 0.016022 0.214576
26751 0.015141 0.214794
26801 0.015172 0.215955
26851 0.015001 0.213591
26901 0.014076 0.213688
26951 0.013961 0.214559
27001 0.014395 0.215674
27051 0.014396 0.215408
27101 0.015061 0.212772
27151 0.014424 0.211472
27201 0.015514 0.210494
27251 0.015356 0.214052
27301 0.015628 0.213955
27351 0.015729 0.211956
27401 0.014914 0.214982
27451 0.014868 0.215862
27501 0.014158 0.215111
27551 0.014568 0.217031
27601 0.014446 0.215856
27651 0.014875 0.219485
27701 0.014660 0.214595
27751 0.015089 0.218378
27801 0.014457 0.214830
27851 0.015804 0.214803
27901 0.014966 0.217214
27951 0.014645 0.214105
28001 0.014733 0.216745
28051 0.014155 0.214126
28101 0.014810 0.215907
28151 0.014984 0.212331
28201 0.015379 0.217845
28251 0.015023 0.215218
28301 0.015486 0.215072
28351 0.015127 0.218756
28401 0.015544 0.216598
28451 0.014952 0.213121
28501 0.014994 0.212940
28551 0.013931 0.216076
28601 0.014453 0.210906
28651 0.015231 0.215924
28701 0.015289 0.215575
28751 0.014714 0.215878
28801 0.015622 0.212010
28851 0.015492 0.215913
28901 0.015350 0.216067
28951 0.015566 0.217657
29001 0.015759 0.212188
29051 0.015323 0.215115
29101 0.015226 0.215152
29151 0.014820 0.212551
29201 0.014806 0.213379
29251 0.014825 0.214690
29301 0.015159 0.214734
29351 0.015052 0.212404
