1 0.000000 0.482513
51 0.000864 0.488368
101 0.005294 0.530948
151 0.011798 0.596482
201 0.022952 0.692398
251 0.039402 0.788682
301 0.049330 0.823369
351 0.050232 0.824521
401 0.045347 0.806980
451 0.038829 0.772661
501 0.032113 0.734272
551 0.030298 0.719460
601 0.028911 0.713473
651 0.027565 0.699219
701 0.025894 0.685993
751 0.024156 0.665429
801 0.022280 0.648541
851 0.016991 0.578131
901 0.015124 0.559094
951 0.013345 0.540551
1001 0.011029 0.520740
1051 0.009937 0.508124
1101 0.006429 0.491581
1151 0.004195 0.481279
1201 0.002468 0.474758
1251 0.002250 0.478644
1301 0.003102 0.477970
1351 0.002278 0.473432
1401 0.000824 0.478306
1451 -0.001169 0.477790
1501 -0.002967 0.477179
1551 -0.004414 0.476304
1601 -0.002260 0.474851
1651 -0.001279 0.470296
1701 0.000453 0.476567
1751 0.001079 0.468234
1801 0.001356 0.465709
1851 0.000012 0.467594
1901 -0.000437 0.469913
1951 0.001733 0.471387
2001 0.003235 0.471710
2051 0.002166 0.464658
2101 0.000146 0.458033
2151 0.000309 0.460001
2201 0.000322 0.459807
2251 0.000389 0.454088
2301 0.003744 0.460424
2351 0.003869 0.458647
2401 0.000967 0.456207
2451 -0.001233 0.448843
2501 -0.000820 0.452672
2551 0.000737 0.447556
2601 0.001141 0.447080
2651 0.001233 0.444498
2701 0.002652 0.450648
2751 0.000958 0.444120
2801 0.000443 0.439108
2851 0.000564 0.440987
2901 -0.002366 0.441565
2951 -0.000228 0.437398
3001 0.000474 0.437019
3051 0.001536 0.427153
3101 0.007351 0.415278
3151 0.001044 0.398520
3201 0.000478 0.388809
3251 0.002200 0.393658
3301 -0.000314 0.382944
3351 -0.003414 0.390718
3401 0.000073 0.377385
3451 -0.002428 0.374240
3501 0.003373 0.372124
3551 -0.002014 0.368157
3601 -0.001018 0.366517
3651 -0.000885 0.367831
3701 -0.002921 0.369528
3751 -0.001463 0.359360
3801 0.001131 0.360288
3851 -0.001639 0.363757
3901 0.000527 0.351596
3951 -0.001076 0.353636
4001 0.002931 0.341405
4051 -0.003730 0.338804
4101 -0.001424 0.329561
4151 -0.002223 0.335778
4201 0.001924 0.326744
4251 -0.001409 0.325482
4301 -0.003957 0.325983
4351 -0.002286 0.310342
4401 -0.003147 0.314173
4451 -0.000387 0.309644
4501 -0.003812 0.309388
4551 -0.001800 0.306005
4601 0.002395 0.311095
4651 -0.004660 0.305482
4701 -0.002362 0.300508
4751 -0.002055 0.302872
4801 -0.004148 0.290171
4851 -0.001037 0.287245
4901 0.001159 0.287702
4951 -0.000430 0.282008
5001 -0.001691 0.280544
5051 -0.002815 0.283972
5101 -0.001243 0.272352
5151 -0.006678 0.275338
5201 -0.004886 0.276314
5251 -0.005192 0.273896
5301 0.001804 0.260347
5351 0.001894 0.262872
5401 -0.000225 0.261061
5451 -0.005719 0.257830
5501 -0.001352 0.246717
5551 -0.002922 0.246676
5601 -0.001023 0.245644
5651 -0.000326 0.238967
5701 -0.004097 0.245026
5751 -0.007722 0.244237
5801 -0.003523 0.242156
5851 -0.000251 0.234321
5901 -0.004157 0.239419
5951 -0.002300 0.233350
6001 0.006220 0.231850
6051 0.000486 0.226259
6101 0.003155 0.224693
6151 0.000951 0.219001
6201 -0.001260 0.217108
6251 0.002528 0.212361
6301 -0.000354 0.214759
6351 -0.001325 0.211660
6401 -0.003562 0.212165
6451 -0.004217 0.213396
6501 0.006577 0.211412
6551 0.002634 0.194912
6601 -0.001056 0.186255
6651 0.012529 0.205916
6701 0.013345 0.214661
6751 0.002012 0.181671
6801 0.002021 0.180273
6851 0.005094 0.188698
6901 -0.002159 0.178380
6951 -0.002043 0.174481
7001 -0.001665 0.175328
7051 -0.000703 0.175897
7101 0.002593 0.170680
7151 0.001153 0.166430
7201 -0.004755 0.167687
7251 -0.002661 0.165236
7301 0.000802 0.160499
7351 0.000262 0.159473
7401 -0.003618 0.162036
7451 0.000192 0.155398
7501 0.000617 0.152868
7551 -0.004441 0.152832
7601 -0.002931 0.145813
7651 -0.003324 0.148105
7701 0.000605 0.139061
7751 -0.000177 0.139812
7801 0.001034 0.138125
7851 -0.001842 0.135752
7901 0.000821 0.133912
7951 0.007654 0.135422
8001 0.000715 0.125407
8051 0.001805 0.123108
8101 0.000525 0.122908
8151 -0.006166 0.127556
8201 -0.008571 0.125462
8251 -0.005777 0.117737
8301 -0.005555 0.116379
8351 -0.005669 0.116426
8401 -0.000643 0.114372
8451 0.008586 0.114050
8501 0.004125 0.109438
8551 0.000798 0.104780
8601 0.001084 0.106851
8651 -0.004035 0.105884
8701 -0.005253 0.108888
8751 0.003107 0.105258
8801 0.005426 0.104677
8851 0.001484 0.101806
8901 0.004461 0.101720
8951 0.001537 0.100186
9001 0.000214 0.098079
9051 0.008718 0.101485
9101 0.006469 0.101746
9151 -0.001223 0.095893
9201 -0.007410 0.100615
9251 -0.009819 0.102301
9301 -0.012738 0.109598
9351 -0.008340 0.101674
9401 -0.015679 0.109834
9451 -0.007894 0.096991
9501 -0.010367 0.098909
9551 -0.010785 0.099819
9601 -0.010197 0.100173
9651 -0.010761 0.099154
9701 -0.014391 0.105750
9751 -0.018082 0.109702
9801 -0.012116 0.101799
9851 -0.012395 0.102345
9901 -0.009466 0.100778
9951 -0.016167 0.105829
10001 -0.012037 0.101546
10051 -0.010161 0.099403
10101 -0.009782 0.100934
10151 -0.009298 0.100532
10201 -0.005021 0.099051
10251 -0.005104 0.098831
10301 -0.002353 0.098491
10351 -0.004404 0.098591
10401 -0.006477 0.099163
10451 -0.006891 0.099641
10501 -0.008552 0.102148
10551 -0.011225 0.104047
10601 -0.012141 0.104421
10651 -0.009914 0.103740
10701 -0.004532 0.096839
10751 -0.011448 0.101323
10801 -0.006764 0.099148
10851 -0.009048 0.099992
10901 -0.016545 0.106751
10951 0.001005 0.090331
11001 -0.003197 0.090547
11051 -0.003232 0.089573
11101 -0.008743 0.091616
11151 -0.013283 0.093548
11201 -0.021335 0.102823
11251 -0.017106 0.099326
11301 -0.017387 0.099358
11351 -0.009812 0.094344
11401 -0.011459 0.094214
11451 -0.010895 0.095273
11501 -0.011119 0.095490
11551 -0.013948 0.097570
11601 -0.018689 0.100436
11651 -0.013251 0.097664
11701 -0.015020 0.099914
11751 -0.012896 0.097071
11801 -0.014129 0.097075
11851 -0.014299 0.097709
11901 -0.015244 0.098690
11951 -0.015754 0.100091
12001 -0.016294 0.101341
12051 -0.020568 0.107201
12101 -0.012496 0.100608
12151 -0.010289 0.100879
12201 -0.002146 0.095182
12251 -0.012931 0.098492
12301 -0.011787 0.096787
12351 -0.011416 0.098157
12401 -0.013797 0.099885
12451 -0.009886 0.099016
12501 -0.011825 0.100614
12551 -0.013235 0.101290
12601 -0.016308 0.103271
12651 -0.016175 0.102283
12701 -0.019334 0.107865
12751 -0.002828 0.096945
12801 -0.007543 0.097945
12851 -0.008402 0.097722
12901 -0.012804 0.101692
12951 -0.013689 0.102233
13001 -0.012405 0.102172
13051 -0.014577 0.103376
13101 -0.011636 0.103863
13151 -0.008886 0.101850
13201 -0.016751 0.106055
13251 -0.013823 0.105241
13301 -0.020984 0.109084
13351 -0.016866 0.106043
13401 -0.006037 0.098932
13451 0.006632 0.097755
13501 0.014055 0.100968
13551 0.009146 0.098352
13601 0.009890 0.097750
13651 0.001291 0.096801
13701 -0.003650 0.097289
13751 -0.009592 0.098506
13801 -0.013024 0.099694
13851 -0.016597 0.101539
13901 -0.015087 0.102101
13951 -0.015708 0.102665
14001 -0.013885 0.101742
14051 -0.015436 0.102668
14101 -0.014376 0.102309
14151 -0.012563 0.102139
14201 -0.012507 0.102132
14251 -0.014104 0.103671
14301 -0.017884 0.106914
14351 -0.018682 0.107759
14401 -0.019398 0.108629
14451 -0.013182 0.105856
14501 -0.015810 0.106906
14551 -0.014710 0.107110
14601 -0.015191 0.107669
14651 -0.011844 0.105453
14701 -0.012650 0.106204
14751 -0.013281 0.107018
14801 -0.011244 0.106150
14851 -0.013114 0.106565
14901 -0.010557 0.103646
14951 -0.012011 0.105157
15001 -0.019411 0.111021
15051 -0.013250 0.105321
15101 -0.014087 0.106198
15151 -0.014254 0.107437
15201 -0.011596 0.106362
15251 -0.012134 0.106273
15301 -0.010288 0.106566
15351 -0.010854 0.106077
15401 -0.009655 0.107927
15451 -0.014458 0.110808
15501 -0.010845 0.107477
15551 -0.015515 0.110183
15601 -0.019440 0.113026
15651 -0.011945 0.109010
15701 -0.013864 0.109230
15751 -0.015290 0.109687
15801 -0.016314 0.110916
15851 -0.018460 0.113472
15901 -0.017117 0.113059
15951 -0.019552 0.116590
16001 -0.017911 0.116767
16051 -0.017425 0.116940
16101 -0.018868 0.118523
16151 -0.019034 0.118498
16201 -0.020839 0.122164
16251 -0.018937 0.119455
16301 -0.016247 0.118441
16351 -0.018602 0.119747
16401 -0.019445 0.122172
16451 -0.018441 0.120479
16501 -0.017253 0.119865
16551 -0.014536 0.119013
16601 -0.014730 0.118550
16651 -0.013663 0.117679
16701 -0.013221 0.117674
16751 -0.014295 0.118004
16801 -0.017487 0.120567
16851 -0.015284 0.119391
16901 -0.018456 0.120587
16951 -0.019460 0.123211
17001 -0.019187 0.123629
17051 -0.016111 0.122488
17101 -0.015149 0.122110
17151 -0.014311 0.120362
17201 -0.015061 0.121647
17251 -0.011333 0.119867
17301 -0.013119 0.120605
17351 -0.017564 0.123693
17401 -0.018680 0.126475
17451 -0.012938 0.121693
17501 -0.016614 0.125137
17551 -0.016310 0.123686
17601 -0.016198 0.124635
17651 -0.017681 0.125040
17701 -0.021136 0.129843
17751 -0.016526 0.126952
17801 -0.010959 0.123767
17851 -0.008125 0.121790
17901 -0.006394 0.120501
17951 -0.005413 0.121793
18001 -0.008292 0.122742
18051 -0.006004 0.122206
18101 -0.006661 0.123309
18151 -0.009770 0.123250
18201 -0.005874 0.122506
18251 -0.005898 0.121719
18301 -0.005543 0.122132
18351 -0.007518 0.124017
18401 -0.010396 0.124788
18451 -0.009600 0.124883
18501 -0.006357 0.125680
18551 -0.011267 0.126234
18601 -0.010873 0.125503
18651 -0.009856 0.126223
18701 -0.009425 0.126871
18751 -0.010002 0.126329
18801 -0.007760 0.125358
18851 -0.010842 0.128530
18901 -0.014159 0.130794
18951 -0.014957 0.130693
19001 -0.011804 0.129306
19051 -0.013067 0.130209
19101 -0.012399 0.130998
19151 -0.011029 0.128999
19201 -0.012775 0.130511
19251 -0.013838 0.131906
19301 -0.011445 0.131418
19351 -0.010844 0.130216
19401 -0.012060 0.132410
19451 -0.012670 0.133995
19501 -0.013773 0.134861
19551 -0.013976 0.134937
19601 -0.017303 0.138092
19651 -0.017077 0.136961
19701 -0.013645 0.132754
19751 -0.014611 0.135455
19801 -0.015909 0.135498
19851 -0.013274 0.134618
19901 -0.010680 0.133135
19951 -0.011989 0.133550
20001 -0.010428 0.133984
20051 -0.011051 0.133976
20101 -0.009974 0.131600
20151 -0.010778 0.133589
20201 -0.010759 0.134564
20251 -0.012786 0.135116
20301 -0.015583 0.138838
20351 -0.015525 0.136714
20401 -0.016908 0.139271
20451 -0.017653 0.140869
20501 -0.017217 0.140282
20551 -0.016975 0.142714
20601 -0.013598 0.138712
20651 -0.008836 0.136260
20701 -0.008683 0.136563
20751 -0.008048 0.136465
20801 -0.007062 0.134632
20851 -0.006447 0.134887
20901 -0.005833 0.135864
20951 -0.007251 0.135544
21001 -0.001798 0.134050
21051 -0.002801 0.135183
21101 -0.006159 0.135048
21151 -0.010597 0.138150
21201 -0.012471 0.140367
21251 -0.011844 0.138799
21301 -0.012308 0.140355
21351 -0.013548 0.141219
21401 -0.012434 0.140539
21451 -0.013981 0.142536
21501 -0.015534 0.145994
21551 -0.014558 0.145343
21601 -0.013404 0.144241
21651 -0.013355 0.144621
21701 -0.012775 0.143925
21751 -0.014432 0.145911
21801 -0.012503 0.144248
21851 -0.012277 0.144715
21901 -0.010674 0.141891
21951 -0.011432 0.145328
22001 -0.014793 0.146198
22051 -0.010530 0.143739
22101 -0.010937 0.142906
22151 -0.008628 0.141604
22201 -0.009296 0.142415
22251 -0.009870 0.143563
22301 -0.011231 0.144394
22351 -0.011469 0.144179
22401 -0.011397 0.143414
22451 -0.012057 0.145451
22501 -0.012719 0.146142
22551 -0.011610 0.145154
22601 -0.009908 0.145264
22651 -0.011176 0.146407
22701 -0.010187 0.144054
22751 -0.010608 0.145710
22801 -0.009775 0.145191
22851 -0.009251 0.144896
22901 -0.010729 0.145738
22951 -0.011495 0.147600
23001 -0.013782 0.149537
23051 -0.014125 0.150827
23101 -0.015043 0.150744
23151 -0.016921 0.153778
23201 -0.017488 0.153351
23251 -0.015015 0.151700
23301 -0.016256 0.154091
23351 -0.013904 0.150826
23401 -0.014037 0.151663
23451 -0.013211 0.150515
23501 -0.012327 0.150361
23551 -0.011214 0.149137
23601 -0.010248 0.150255
23651 -0.008503 0.148798
23701 -0.009546 0.148406
23751 -0.011799 0.151611
23801 -0.010974 0.149967
23851 -0.013577 0.152808
23901 -0.013763 0.153175
23951 -0.012164 0.151669
24001 -0.012083 0.151781
24051 -0.013290 0.152697
24101 -0.013062 0.150934
24151 -0.013144 0.151602
24201 -0.012885 0.151629
24251 -0.012181 0.152145
24301 -0.013559 0.152167
24351 -0.011529 0.149775
24401 -0.010263 0.150849
24451 -0.010531 0.150550
24501 -0.010773 0.152207
24551 -0.011906 0.150847
24601 -0.013018 0.152467
24651 -0.014355 0.153984
24701 -0.015110 0.155719
24751 -0.015576 0.155931
24801 -0.015748 0.156658
24851 -0.014932 0.156431
24901 -0.013760 0.153547
24951 -0.013743 0.154335
25001 -0.012501 0.155115
25051 -0.012607 0.153379
25101 -0.011473 0.153721
25151 -0.011966 0.153877
25201 -0.012964 0.155626
25251 -0.013516 0.156509
25301 -0.013829 0.156649
25351 -0.013946 0.155740
25401 -0.014003 0.157678
25451 -0.014313 0.157445
25501 -0.015253 0.158578
25551 -0.014486 0.157444
25601 -0.014589 0.157427
25651 -0.013881 0.156540
25701 -0.014329 0.156766
25751 -0.014866 0.158399
25801 -0.015382 0.156606
25851 -0.014733 0.158220
25901 -0.015329 0.157970
25951 -0.015482 0.159154
26001 -0.015108 0.158106
26051 -0.011695 0.156382
26101 -0.011009 0.156750
26151 -0.010768 0.156235
26201 -0.010783 0.155998
26251 -0.010068 0.155587
26301 -0.009134 0.155240
26351 -0.008088 0.155642
26401 -0.009445 0.155941
26451 -0.010137 0.156084
26501 -0.010599 0.156792
26551 -0.009927 0.156502
26601 -0.007705 0.155524
26651 -0.009130 0.156121
26701 -0.009723 0.157048
26751 -0.009257 0.156038
26801 -0.009276 0.156362
26851 -0.009441 0.157643
26901 -0.009877 0.157453
26951 -0.009662 0.158786
27001 -0.010808 0.157953
27051 -0.011101 0.158184
27101 -0.011217 0.159050
27151 -0.009512 0.155884
27201 -0.008987 0.158302
27251 -0.008741 0.156361
27301 -0.008706 0.156581
27351 -0.007908 0.156469
27401 -0.007633 0.156985
27451 -0.007645 0.157246
27501 -0.008104 0.156373
27551 -0.009042 0.158116
27601 -0.010375 0.158120
27651 -0.009435 0.158206
27701 -0.010025 0.159103
27751 -0.010479 0.158309
27801 -0.011161 0.160524
27851 -0.011007 0.159177
27901 -0.010937 0.160146
27951 -0.010165 0.158569
28001 -0.009500 0.157854
28051 -0.009510 0.159674
28101 -0.009573 0.158816
28151 -0.009602 0.159178
28201 -0.009989 0.159583
28251 -0.010168 0.159630
28301 -0.010855 0.160295
28351 -0.010835 0.159893
28401 -0.010229 0.161060
28451 -0.010419 0.161297
28501 -0.010552 0.160840
28551 -0.011506 0.161797
28601 -0.011287 0.161844
28651 -0.011287 0.161399
28701 -0.011711 0.161529
28751 -0.011392 0.161593
28801 -0.011161 0.162755
28851 -0.011332 0.162453
28901 -0.011315 0.163561
28951 -0.010032 0.160318
29001 -0.008998 0.159927
29051 -0.009057 0.159829
29101 -0.007548 0.159337
29151 -0.007230 0.159411
29201 -0.007058 0.158319
29251 -0.006372 0.158437
29301 -0.006589 0.158950
29351 -0.006754 0.158310
